2004	1	0.9	-14.58	-6.79	0	2.79	179.98	36000
2004	2	3.26	-17.42	-7.5	0	2.94	160.87	36000
2004	3	0.37	-16.41	-7.4	0	2.99	184.56	36000
2004	4	0.49	-17.7	-8.01	0	2.94	149.56	36000
2004	5	0.47	-18.89	-9.51	0	2.64	170.12	36000
2004	6	0.31	-16.01	-7.73	0	2.67	114.06	36000
2004	7	-1.66	-13.84	-7.09	0	2.54	173.77	36000
2004	8	-4.3	-12.18	-8.24	0	2.1	129.03	36000
2004	9	-3.46	-17.02	-9.51	0	1.79	154.25	37800
2004	10	0.79	-17.12	-8.18	0	2.47	179.28	37800
2004	11	0.95	-15.62	-7.61	0	2.8	178.29	37800
2004	12	-2.32	-11.87	-7.41	0	1.68	95.58	37800
2004	13	-0.84	-16.68	-8.96	0	1.6	141.99	37800
2004	14	-6.33	-13.17	-9.11	0	0.76	101.07	37800
2004	15	-7.55	-20.12	-14.4	0	0.6	207.63	37800
2004	16	-1.66	-22.19	-13.02	0	1.07	192.98	37800
2004	17	0.94	-11.25	-6.41	0	1.92	156.81	37800
2004	18	-2.24	-16.82	-8.36	0	2.12	182.13	37800
2004	19	-3.42	-10.46	-6.31	0	2.81	114.17	37800
2004	20	-0.91	-19.84	-10.65	0	2.16	150.04	37800
2004	21	-1.59	-16.95	-9.16	0	2.06	142.04	37800
2004	22	3.67	-14.95	-5.7	0	2.9	164.43	37800
2004	23	0.48	-14.28	-6.17	0	2.68	164.37	37800
2004	24	-3.53	-9.97	-6.91	0.4	0.82	129.28	37800
2004	25	-6.28	-18.39	-12.54	0	1.05	204.93	37800
2004	26	-6.09	-23.15	-15.04	0	0.81	195.8	37800
2004	27	-9.01	-19.04	-14.38	0	0.59	164.46	37800
2004	28	-7.08	-23.09	-16.37	0	0.81	192.84	37800
2004	29	-5.49	-24.54	-16.51	0.2	0.89	206.99	37800
2004	30	-3.81	-19.73	-10.45	0	1.71	178.26	37800
2004	31	-3.74	-22.61	-11.92	0	1.48	168.97	37800
2004	32	-0.9	-18.52	-9.6	0	1.9	220.96	37800
2004	33	-0.65	-19.47	-9.68	0	2.02	222.32	37800
2004	34	-4.47	-15.66	-9.23	2.7	2.47	235.63	37800
2004	35	-4.45	-20.3	-10.57	0.1	2.23	203.04	37800
2004	36	-3.54	-16.87	-10.11	0	1.94	172.25	37800
2004	37	-4.05	-17.89	-10.37	0	1.9	179.14	37800
2004	38	-5.61	-16.51	-9.42	0	2.55	216.38	37800
2004	39	-1.2	-21.53	-10.29	0	2.39	236.13	37800
2004	40	2.29	-17.73	-8.35	0	2.6	234.62	37800
2004	41	4.44	-16.4	-6.28	0	3.25	235.93	37800
2004	42	1.03	-15.98	-6.69	0	3.14	235.55	37800
2004	43	-2.33	-11.91	-6.3	0	2.88	223.88	37800
2004	44	-1.51	-19.43	-10.15	0	2.41	241.63	39600
2004	45	2.29	-12.35	-5.42	0	3.01	234.18	39600
2004	46	-3.19	-9.18	-5.78	0	2.04	121.47	39600
2004	47	-3.4	-13.5	-8.02	0	2.62	210.1	39600
2004	48	1.58	-17.95	-7.94	0	2.93	247.01	39600
2004	49	0.97	-8.72	-3.76	0	3.26	118.41	39600
2004	50	-1.5	-9.11	-5.59	0	1.8	145.31	39600
2004	51	-3.63	-13.13	-7.57	0	1.34	153.18	39600
2004	52	3.07	-17.04	-8.12	0	2.64	256.24	39600
2004	53	3.52	-15.28	-5.48	0	3.59	264.84	39600
2004	54	1.59	-13.43	-5.27	0	3.65	234.4	41400
2004	55	1.85	-14.34	-6.41	0	3.42	252.21	41400
2004	56	6.31	-13.64	-3.93	0	4.39	263.92	41400
2004	57	7.29	-12.51	-2.31	0	4.93	251.56	41400
2004	58	6.56	-9.58	0.24	0	5.7	233.91	41400
2004	59	4.22	-2.35	1.05	0	6.06	199.58	41400
2004	60	7.25	-12.69	-2.15	0	5.02	275.21	41400
2004	61	8.52	-12.54	-0.92	0	5.71	277.97	41400
2004	62	5.56	-11.43	-1.87	0	5.16	281.33	41400
2004	63	4.65	-12.32	-3.55	0	4.47	279.13	41400
2004	64	6.27	-12.93	-1.92	0	5.05	277.51	41400
2004	65	6.96	-13.23	-2.27	0	5.11	278.92	41400
2004	66	3.07	-11.26	-2.79	0	4.51	172.31	41400
2004	67	-0.45	-6.76	-3.64	0	3.92	230.39	41400
2004	68	2.8	-13	-4.8	0	4.03	287.63	41400
2004	69	8.16	-14.5	-3.6	0	4.72	287.86	41400
2004	70	9.47	-10.58	0.01	0	5.58	237.22	41400
2004	71	5.56	-3.84	0.42	0	3.44	146.8	41400
2004	72	8.95	-8.16	0.45	0	4.87	256.01	41400
2004	73	8.1	-4.4	1.7	0	6.25	261.6	41400
2004	74	8.33	-4.4	1.57	0	6.05	223.84	41400
2004	75	7.44	-8.49	0.31	0	5.7	228.33	41400
2004	76	8.21	-8.61	0.08	0	5.61	233.91	41400
2004	77	8.89	-9.86	-0.42	0	5.63	260.98	41400
2004	78	12.07	-10.63	1.07	0	6.66	306.28	43200
2004	79	11.91	-8.97	2.46	0	7.23	296.02	43200
2004	80	8.12	-6.58	1.88	0	6.56	309.66	43200
2004	81	13	-9.3	3.06	0	7.46	255.12	43200
2004	82	14.48	2.31	8.94	0	10.76	306.7	43200
2004	83	15.49	-6.58	5.24	0	8.78	256.16	43200
2004	84	14.49	0.79	8.36	0	10.5	265.22	43200
2004	85	13.33	0.93	7.76	0	10.1	245.27	43200
2004	86	10.23	-0.84	6.19	0	8.81	203.7	43200
2004	87	9.57	-6.33	3.18	0	7.15	225.8	45000
2004	88	7.36	-0.98	2.96	0	5.98	230.52	45000
2004	89	6.7	-7.27	0.26	0	5.02	148.4	45000
2004	90	3.72	-4.21	0.02	0	3.94	164.76	45000
2004	91	6.01	-10.3	-1.56	0	4.16	302.49	45000
2004	92	7.8	-9.03	0.19	0	5.34	253.33	45000
2004	93	8.11	-7.6	0.55	0	4.15	215.46	45000
2004	94	6.87	-3.62	0.73	0	2.68	208.06	45000
2004	95	7.42	-6.23	0.15	0	3.35	254.58	45000
2004	96	5.79	-8.02	-0.78	0	3.17	166.58	45000
2004	97	7.36	-7.95	0.43	0	4.79	307.51	45000
2004	98	8.89	-9.44	0.62	0	6.26	337.83	45000
2004	99	11.64	-9.22	1.63	0	6.99	310.2	45000
2004	100	10.26	-6.16	1.45	0	4.6	229.76	45000
2004	101	10.59	-1.75	3.34	0.8	4.75	245.14	45000
2004	102	10.92	-4.28	3.24	0	6.26	220.86	45000
2004	103	10.27	-4.42	3.27	0	6.55	256.69	45000
2004	104	4.74	-5.64	-0.61	0.8	2.49	139.31	45000
2004	105	5.69	-5.73	-1.33	0.5	1.64	163.48	45000
2004	106	4.57	-3.6	0.21	0.5	3.25	241.77	45000
2004	107	4.73	-5.06	-0.18	0.4	3.82	273.72	45000
2004	108	9.99	-9.42	0.39	0	5.44	300.43	45000
2004	109	10.78	-3.9	2.92	0	4.77	253.89	45000
2004	110	10.53	-2.69	3.42	0.5	3.86	275.09	46800
2004	111	15.63	-4.89	5.28	0	7.1	343.76	46800
2004	112	13.86	-2.37	6.97	0	7.99	234.47	46800
2004	113	8.67	-0.84	3.28	1.1	2.76	184.2	46800
2004	114	10.24	-0.46	3.47	1.4	2.67	246.41	46800
2004	115	8.55	-0.16	3.42	2.5	2.74	221.81	46800
2004	116	8.94	-1.88	3.26	0.1	3.54	241.13	46800
2004	117	6.32	-0.95	2.95	0	3.07	265.79	46800
2004	118	9.96	-4.16	2.92	0	4.27	258.82	46800
2004	119	11.89	-0.96	4.6	0	5.31	339.18	46800
2004	120	10.3	0.18	4.05	0.2	3.86	214.73	46800
2004	121	12.66	-0.24	5.78	0.1	4.99	334.81	48600
2004	122	13	-2.22	6.04	0	6.32	291.07	48600
2004	123	13.02	1.06	7.36	0	9.11	347.14	48600
2004	124	13.94	-0.95	7.45	0	9.63	350.5	48600
2004	125	12.49	2.7	6.86	0	8.04	304.83	48600
2004	126	6.67	-1.68	3.37	0	4.31	207.54	48600
2004	127	7.43	-4.5	1.74	0.1	4.92	314.02	48600
2004	128	12.59	-6.2	4.21	0	7.42	368.35	48600
2004	129	16.72	-4.05	7.31	0	9.24	345.36	48600
2004	130	16.58	-1.52	8.96	0	10.2	362.2	48600
2004	131	15.31	-1.73	8.39	0	9.65	351.47	48600
2004	132	13.23	1.47	7.99	0	7.95	288.8	48600
2004	133	17.01	-0.31	8.81	0	9.07	313.15	48600
2004	134	14.41	1.37	8.85	0	9.46	276.84	48600
2004	135	14.27	-1.53	7.6	0	8.96	357.21	48600
2004	136	17.24	-0.02	10.01	0	11.32	347.96	48600
2004	137	19.02	-1.09	10.09	0	11.87	376.3	48600
2004	138	18.86	-0.96	10.31	0	10.41	297.46	48600
2004	139	16.63	2.89	10.59	0	7.84	250.15	48600
2004	140	15.64	3.29	9.7	0	7.43	250.15	48600
2004	141	10.55	2.32	6.63	2.7	3.34	155.62	48600
2004	142	8.23	2.42	5.45	13.3	1.87	184.92	48600
2004	143	9.89	2.37	5.78	0.9	2.75	211.2	48600
2004	144	12.32	0.11	5.65	11.6	2.26	226.24	48600
2004	145	9.94	0.21	5.6	16.9	2.13	224.53	48600
2004	146	12.2	4.13	7.11	2.2	2.9	184.58	48600
2004	147	11.34	4.69	7.53	0.1	3.81	252.6	48600
2004	148	9.54	1.25	5.46	5.1	2.03	209.44	48600
2004	149	14.98	2.56	8.9	0.2	5.19	316.81	48600
2004	150	12.06	5.14	8.59	1.8	4.33	254.48	48600
2004	151	11.63	3.21	7.15	0.4	3.43	283.88	48600
2004	152	12.35	4.59	8.73	0	6.51	304.17	48600
2004	153	11.43	1.02	7.08	3.1	3.74	262.12	48600
2004	154	12.62	3.66	8.28	1.1	3.65	280.02	48600
2004	155	13.33	4.42	8.37	6.5	3.89	322.51	50400
2004	156	8.26	-0.15	4.12	16.7	1.87	247.42	50400
2004	157	8.74	-0.18	3.83	16.9	1.48	207.61	50400
2004	158	10.31	0.19	4.98	2.7	2.2	197.96	50400
2004	159	11.2	2.96	5.94	1.5	2.35	208.15	50400
2004	160	14.56	2.12	8	6.5	3.24	319.74	50400
2004	161	15.61	4.71	10.01	0	5.07	308.77	50400
2004	162	14.12	2.8	8.36	6.4	3.28	266.12	50400
2004	163	12.1	4.01	7.93	9.7	2.85	217.78	50400
2004	164	9.78	2.93	5.01	10.3	1.56	151.44	50400
2004	165	12.65	2.38	6.94	2.4	3.29	274.76	50400
2004	166	13.55	5.24	9.29	1.4	5.08	252.16	50400
2004	167	15.53	2.9	9.5	0	5.89	351.44	50400
2004	168	13.82	3.92	9.31	1.1	4.24	198.47	50400
2004	169	14.64	4.45	8.96	6.2	3.46	231.8	50400
2004	170	12.12	5.51	8.59	10.2	2.63	143.76	50400
2004	171	12.69	4.46	8.67	10	2.75	201.6	50400
2004	172	13.9	5.21	8.68	13.2	2.61	205.24	50400
2004	173	12.79	3.42	8.14	18.1	2.35	224.21	50400
2004	174	15.38	5.86	9.67	21.8	3.07	262.12	50400
2004	175	13.54	6.34	8.97	1.5	2.82	257.14	50400
2004	176	15.51	5.96	9.8	7.3	3.72	219.36	50400
2004	177	16.11	6.7	10.65	1.6	4.16	276.19	50400
2004	178	18.85	7.5	12.62	0	6.77	319.94	50400
2004	179	18.52	6.45	12.96	0	6.81	367.24	50400
2004	180	18.69	6.1	12.83	0	6.73	317.41	50400
2004	181	13.17	7.18	10.03	1.2	3.57	168.86	50400
2004	182	17.36	6.89	11.94	0.1	5.53	317.13	50400
2004	183	15.32	6.67	10.09	6.2	3.57	227.43	50400
2004	184	16.84	6.83	11.4	6.8	4.6	299.85	50400
2004	185	11.23	5.26	8.47	8.6	2.07	112.45	50400
2004	186	16.77	7.47	11.65	0.2	4.84	236.32	50400
2004	187	15.56	7.6	11.03	5.1	3.97	225.14	50400
2004	188	12.3	6.66	9.02	10	1.93	156.38	50400
2004	189	12.46	7.87	9.85	3.5	2.58	176.54	50400
2004	190	11.66	6.53	8.79	4.8	2.16	136.92	50400
2004	191	14.03	7.04	10.53	0	3.94	291.05	50400
2004	192	13.24	8.9	10.5	1.8	3.29	163.74	50400
2004	193	11.72	5.41	8.67	7.6	2.47	169.12	48600
2004	194	13.01	2.9	7.07	19.8	2.02	211.32	48600
2004	195	12.39	6.12	8.66	0.7	2.71	182.26	48600
2004	196	15.02	3.67	8.56	10.1	2.77	245.17	48600
2004	197	11	7.28	9.02	0.7	2.54	139.4	48600
2004	198	14.9	4.85	9.41	2	3.23	193.26	48600
2004	199	13.35	6.27	8.99	2.7	2.55	214.67	48600
2004	200	17.95	5.75	10.84	2.9	4.58	326.77	48600
2004	201	16.46	7.98	11.13	0.2	4.04	263.78	48600
2004	202	12.69	5.1	9.36	8.5	2.75	216.91	48600
2004	203	15.53	9.11	11.8	0.2	4.64	257.11	48600
2004	204	13.64	8	10.84	2.4	3.61	145.61	48600
2004	205	12.87	7.42	9.49	7	2.48	142.99	48600
2004	206	13.83	6.35	9.45	4	2.64	234.45	48600
2004	207	14.06	7.5	9.43	3.7	2.47	150.57	48600
2004	208	14.23	6.25	8.54	17.1	1.78	195.35	48600
2004	209	17.14	6.24	10.54	0.1	3.99	273.11	48600
2004	210	15.67	7.84	10.13	3.1	3.08	219.98	48600
2004	211	14.52	6.03	9.88	3	3.29	213.66	48600
2004	212	16.27	6.45	10.94	1.3	4.59	259.25	48600
2004	213	13.62	4.53	9.07	15.7	2.93	185.96	48600
2004	214	15.29	6.47	10.3	2	3.68	268.46	48600
2004	215	16.16	7.68	11.19	0.2	4.3	216.32	48600
2004	216	17.18	7.3	11.72	0.8	4.55	268.86	48600
2004	217	16.58	7.58	11.49	0.7	3.96	211.03	48600
2004	218	19.7	8.27	12.93	0.8	5.79	302.83	48600
2004	219	19.38	7.66	13.43	0	6.56	325.19	48600
2004	220	16.98	7.32	11.11	0.6	4.43	195.93	48600
2004	221	13.67	7.5	9.61	5.4	2.64	173.94	48600
2004	222	14.18	5.14	8.77	16.8	2.22	155.26	48600
2004	223	12.98	6.04	9.26	6.9	2.61	165.72	48600
2004	224	14.62	6.03	10.29	1.6	3.41	245.18	48600
2004	225	17.45	6.66	11.59	0.5	4.92	332.23	48600
2004	226	19.16	8.04	12.56	0	6.44	320.41	48600
2004	227	18.65	5.31	12.23	0.4	6.22	349.78	46800
2004	228	14.21	5.63	9.56	8.6	3.82	187.86	46800
2004	229	15.59	7.08	10.17	1.3	4.09	232.75	46800
2004	230	14.98	4.87	8.61	1.2	2.99	215.14	46800
2004	231	16.43	4.78	10	0	3.88	267.69	46800
2004	232	12.28	5.98	8.59	7.6	2.3	122.71	46800
2004	233	13.2	5.95	8.84	15.8	2.17	177.89	46800
2004	234	13.65	5.85	9.18	7.7	2.7	196.85	46800
2004	235	15.39	5.51	9.35	7.9	2.92	185.21	46800
2004	236	17.03	5.74	10.97	0	4.44	337.72	46800
2004	237	13.68	6.12	9.55	0.6	3.21	159.83	46800
2004	238	14.37	6.27	9.33	1.9	3.14	194.48	45000
2004	239	17.48	4.56	10.35	0.4	4.49	293.34	45000
2004	240	13.85	6.44	9.78	1	3.33	173.32	45000
2004	241	18.44	5.1	11.19	0	4.72	267.02	45000
2004	242	18.22	6.76	12.01	0	5.42	291.94	45000
2004	243	17.88	7.74	12.27	0	5.95	294.5	45000
2004	244	16.68	7.22	11.56	0	5.1	244.45	45000
2004	245	16.82	6.81	12.09	0.2	5.85	307.01	45000
2004	246	18.39	8.01	12.09	0	5.84	303.62	45000
2004	247	16.19	7.53	12.34	0	6.13	284.12	45000
2004	248	16.14	6.11	10.5	5.8	4.11	241.1	45000
2004	249	15.61	7.03	10.54	3.6	3.59	173.72	45000
2004	250	17.7	6.08	11.75	0	5.55	268.13	45000
2004	251	18.78	5.12	11.64	0	6.3	255.13	45000
2004	252	15.72	3.33	9.67	0	6.35	255.44	45000
2004	253	15.73	0.27	8.32	0	6.81	263.52	45000
2004	254	15.85	0.54	8.13	0.1	5.85	281.22	45000
2004	255	13.05	3.38	7.17	1.7	3.58	213.05	45000
2004	256	11.44	1.92	7.11	0	7.26	315.49	45000
2004	257	12.43	-1.74	5.44	0	6.93	322.42	45000
2004	258	15.32	-3.04	6.29	0	7.42	317.55	45000
2004	259	15.11	-2.22	6.88	0	6.93	288.12	45000
2004	260	16.13	-1.76	7.57	0	6.97	279.1	45000
2004	261	16.01	0.24	8.54	0	6.69	254.75	43200
2004	262	15.56	5.08	9.51	0.2	5.5	260.97	43200
2004	263	12.58	4.78	7.95	0.3	3.71	179.5	43200
2004	264	14.7	2.77	8.23	1.4	4.59	211.97	43200
2004	265	13.44	3.12	7.44	4	2.96	201.78	43200
2004	266	15.15	4.48	9.23	0	4.59	249.94	43200
2004	267	15.83	2.61	8.63	2.1	4.57	221.32	43200
2004	268	15.13	4.15	8.55	1	4.33	234.27	43200
2004	269	15.27	4.36	9.29	0	5.01	224.81	43200
2004	270	16.22	1.78	8.96	0	5.49	250.81	41400
2004	271	15.72	0.72	8.44	1.5	5.22	228.41	41400
2004	272	14.22	2.31	7.01	5.9	3.64	162.76	41400
2004	273	13.54	4.08	7.49	0.1	3.54	182.22	41400
2004	274	11.04	4.25	7.06	1.1	3.1	162.28	41400
2004	275	14.75	2.54	7.24	0.5	4.02	224.41	41400
2004	276	13.77	0.91	6.95	0.2	4.17	222.89	41400
2004	277	14.71	3.81	7.99	0	4.36	246.11	41400
2004	278	12.44	3.32	7.03	2.3	4.24	112.85	41400
2004	279	7.13	0.55	3.23	5.2	2.16	150.38	41400
2004	280	7.76	-0.48	3.16	0.1	3.08	194.19	41400
2004	281	9.74	-3.36	3.41	0.6	3.25	194.88	41400
2004	282	7.93	0.02	3.5	10	1.23	111.53	41400
2004	283	10.83	-0.19	4.97	2.8	3.54	238.65	41400
2004	284	13.89	-1.34	5.61	0.1	4.85	265.23	41400
2004	285	13.75	-1.33	5.96	0	4.78	254.53	41400
2004	286	12.56	0.73	6.66	0	5.71	236.84	41400
2004	287	11.95	0.51	6.31	0	6.71	229.08	41400
2004	288	7.17	-0.23	3.39	0	3.94	128.91	41400
2004	289	5.47	-2.71	1.08	0	3.63	175.93	41400
2004	290	2.91	-4.35	-1.16	0	1.95	196.44	41400
2004	291	3.89	-6.48	-1.94	1	1.92	235.51	41400
2004	292	9.01	-5.96	1.37	0	4.32	259.17	41400
2004	293	11.48	-6.32	2.03	0	4.84	254.92	39600
2004	294	12.3	-5.14	3.37	0	6.31	253.74	39600
2004	295	12.5	-5.54	3.74	0	6.96	254.61	39600
2004	296	11.3	-3.44	4.42	0	7.53	243.42	39600
2004	297	4.68	-3.53	1.18	0	4.62	171.42	39600
2004	298	5.44	-7.86	-1.13	0	3.21	209.57	39600
2004	299	2.51	-4.61	-1.57	0	2.76	146.16	39600
2004	300	4.54	-5.38	-1.11	0	2.5	191.27	39600
2004	301	3.63	-4.14	-1.12	0	2.84	127.4	39600
2004	302	4.35	-7.79	-2.4	0	2.91	200.23	39600
2004	303	3.48	-8.35	-2.41	0	3.22	183.84	37800
2004	304	1.17	-7.65	-3.66	0	2.46	173.74	37800
2004	305	1.28	-6.58	-3.21	0	2.42	160.65	37800
2004	306	2.6	-9.09	-3.92	0	2.74	183.33	37800
2004	307	4.17	-9.45	-3.09	0	3.23	214.29	37800
2004	308	4.53	-8.98	-2.02	0	3.89	230.14	37800
2004	309	2.05	-9.8	-3.67	0	3.49	219.89	37800
2004	310	2.24	-9.64	-3.9	0	3.57	224.81	37800
2004	311	4.82	-11.66	-4.05	0	3.62	221.85	37800
2004	312	4.91	-10.96	-3.04	0	3.78	221.62	37800
2004	313	5.22	-9.98	-2.5	0	4.24	203.38	37800
2004	314	3.5	-10.8	-3.13	0	3.82	217.8	37800
2004	315	5.2	-11.24	-3.12	0	3.98	222.85	37800
2004	316	4.92	-10.58	-2.78	0	3.95	165.74	37800
2004	317	3.47	-6.64	-1.1	0	4.48	150.94	37800
2004	318	2.51	-10.15	-3.77	0	3.31	170.85	37800
2004	319	1.92	-10.21	-3.79	0	3.15	155.57	37800
2004	320	2.11	-11.39	-4.5	0	3.1	181.87	37800
2004	321	2.34	-12.42	-5.11	0	3.31	209.48	37800
2004	322	5.09	-13.22	-4.18	0	3.79	195.33	37800
2004	323	5.75	-11.57	-1.61	0	4.22	136.44	37800
2004	324	2.53	-13.13	-4.15	1	1.48	125.88	37800
2004	325	-3.42	-15.05	-9.45	0.2	1.14	191.35	37800
2004	326	-3.26	-11.97	-8.28	0	1.11	164.91	37800
2004	327	-0.77	-12.16	-5.99	0	1.85	173.69	37800
2004	328	-0.38	-10.99	-5.29	0	1.89	177.56	37800
2004	329	-0.79	-9.96	-5.97	0	1.29	157.82	37800
2004	330	-1.96	-15.42	-9.51	0.7	0.73	178.79	37800
2004	331	-4.21	-18.58	-11.64	0	0.81	200.7	37800
2004	332	-4.58	-14.98	-9.51	0	0.77	153.36	37800
2004	333	-4.16	-10.68	-8.18	0.1	0.8	150.91	37800
2004	334	-4.3	-16.96	-9.38	0.9	0.74	205.61	37800
2004	335	-8.03	-20.58	-13.83	0	0.73	156.91	37800
2004	336	-3.59	-16.19	-9.16	0	1.07	164.3	37800
2004	337	-3.02	-13.82	-7.47	0	1.56	175.92	37800
2004	338	-6.83	-18.63	-13.05	0	0.82	195.92	36000
2004	339	-6.2	-19.83	-13.51	0	0.7	201.47	36000
2004	340	-2.5	-19.23	-10.83	0	1.1	203.07	36000
2004	341	0.69	-16.41	-8.38	0	1.75	189.44	36000
2004	342	-2.83	-17.91	-9.57	0	1.47	183.45	36000
2004	343	3.57	-14.08	-6.18	0.1	2.2	154.61	36000
2004	344	-0.83	-14.81	-7.85	0	1.51	186.24	36000
2004	345	4.19	-11.31	-3.71	0	3.37	187.95	36000
2004	346	-0.81	-15.15	-8.16	0	1.79	185.01	36000
2004	347	-2.64	-16.25	-8.48	0	1.65	148.66	36000
2004	348	2.96	-10.57	-4.63	0	2.8	186.65	36000
2004	349	-1.51	-16.78	-8.78	0	1.84	167.47	36000
2004	350	-0.75	-15.22	-7.2	0	2.28	177.65	36000
2004	351	-2.41	-12.58	-7.69	0	2.03	73.81	36000
2004	352	-2.17	-17.56	-9.63	0	1.81	174.51	36000
2004	353	1.65	-15.28	-7.24	0	2.1	176.11	36000
2004	354	0.07	-16.86	-8.24	0	1.91	169.83	36000
2004	355	2.09	-12.82	-6.41	0	2.41	70.89	36000
2004	356	-4.76	-13.09	-8.34	0	1.41	76.61	36000
2004	357	0.78	-16.4	-9.19	0	1.86	176.11	36000
2004	358	-1.93	-19.05	-10.39	0	1.87	177.47	36000
2004	359	2.36	-16.24	-7.43	0	2.83	179.07	36000
2004	360	0.46	-16.97	-8.69	0	2.59	133.69	36000
2004	361	-5.48	-10.8	-7.91	0	2.62	106.78	36000
2004	362	-6.39	-12.89	-10.23	0	2.18	176.16	36000
2004	363	-1.19	-18.96	-10.36	0	1.99	175.26	36000
2004	364	7.73	-12.2	-1.58	0	5.08	168.87	36000
2004	365	8.62	-12.43	-2.72	0	4.17	147.68	36000
2005	1	6.07	-8.11	-1.15	0	3.39	129.61	36000
2005	2	6.1	-7.35	-0.05	0	3.87	98.77	36000
2005	3	5.09	-10.9	-2.99	0	3.79	184.14	36000
2005	4	-0.14	-10.42	-5.32	0	3.44	184.79	36000
2005	5	-1.73	-16.67	-8.72	0	2.39	139.74	36000
2005	6	4.37	-13.97	-4.44	0	3.72	182.36	36000
2005	7	-1.83	-11.62	-6.45	0	1.93	156.76	36000
2005	8	-3.9	-15.1	-10.07	0	2.07	192.7	36000
2005	9	-3.98	-20.42	-11.21	0	2	169.79	37800
2005	10	-5.24	-10.63	-7.79	0	2.1	106.09	37800
2005	11	-6.71	-12.54	-10.66	0	0.67	141.64	37800
2005	12	-8.85	-18.55	-12.26	0	1.42	203.69	37800
2005	13	-7.65	-23.84	-16.23	0	0.79	197.49	37800
2005	14	-4.89	-22.46	-13.04	0	1.19	203.07	37800
2005	15	3.28	-19.14	-8.05	0	2.39	173.27	37800
2005	16	1.49	-11.18	-3.37	0	3.32	118.54	37800
2005	17	0.33	-10.45	-5.17	0	2.64	157.27	37800
2005	18	-2.44	-15.16	-6.95	0	2.44	150.91	37800
2005	19	-4.07	-12.53	-7.92	0	2.23	168.58	37800
2005	20	-5.84	-15.69	-11.01	0.1	0.95	144.17	37800
2005	21	-5.98	-19.83	-12.42	0	1.52	205.34	37800
2005	22	-2.19	-16.87	-8.72	0	2.12	149.36	37800
2005	23	-3.06	-10.96	-6.01	0	2.94	100.08	37800
2005	24	-1.24	-13.26	-6.61	0	2.51	189.8	37800
2005	25	2.61	-11.38	-3.84	0	3.02	111.21	37800
2005	26	-0.56	-14.26	-5.59	0	3.18	86.58	37800
2005	27	1.12	-12.77	-5.24	0	3.57	221.85	37800
2005	28	0.91	-17.73	-7.87	0	2.91	155.83	37800
2005	29	0.37	-9.38	-4.47	0	3.33	214.69	37800
2005	30	4.15	-13.33	-4.86	0	3.74	208.27	37800
2005	31	1.18	-9.67	-3.85	0	2.27	133.59	37800
2005	32	1.4	-5.67	-2.96	0	1.65	128.4	37800
2005	33	0.05	-12.89	-6.17	0	2.55	219.26	37800
2005	34	-0.44	-14.91	-6.9	0	3.09	178.42	37800
2005	35	0.39	-11.54	-4.87	0	3.26	157.21	37800
2005	36	-5.08	-10.3	-7.35	0	2.6	138.51	37800
2005	37	-4.63	-18.18	-10.04	0	2.1	135.86	37800
2005	38	-1.67	-14.87	-7.87	0	2.27	122.12	37800
2005	39	1.33	-15.84	-5.59	0	3.39	148.45	37800
2005	40	-0.86	-9.94	-4.04	0	4.05	199.24	37800
2005	41	1.36	-11.98	-5.11	0	3.62	233.81	37800
2005	42	4.3	-15.05	-4.52	0	3.92	192.17	37800
2005	43	2.11	-7.42	-1.36	0	4.89	138.14	37800
2005	44	-1.98	-10.5	-4.34	0	3.86	106.69	39600
2005	45	2.39	-9.51	-3.65	0	4.21	228.12	39600
2005	46	2.2	-7.35	-1.9	0	4.5	97.93	39600
2005	47	1.31	-10.43	-5.53	0	1.46	91.79	39600
2005	48	4.09	-10.38	-1.81	0	4.83	178.56	39600
2005	49	6.26	-3.84	1.35	0	5.8	186.9	39600
2005	50	5.97	-8.98	0.26	0	5.77	219.28	39600
2005	51	5.45	-14.09	-1.74	0	5.13	211.68	39600
2005	52	3.76	-8.25	-1.26	0	5.13	253.05	39600
2005	53	2.77	-9.15	-4.05	0	3	141.83	39600
2005	54	-1.69	-13.84	-7.25	0	1.74	184.61	41400
2005	55	0.15	-15.9	-7.2	0	2.45	171.81	41400
2005	56	2.73	-11.23	-3.51	0	3.51	113.41	41400
2005	57	1.55	-9.79	-2.42	0	4.39	171.12	41400
2005	58	4.88	-12.63	-2.8	0	4.72	219.98	41400
2005	59	2.83	-5.73	-1.1	0	4.41	125.43	41400
2005	60	4.98	-12.59	-1.99	0	4.63	239.54	41400
2005	61	2.67	-7.62	-2.89	0	2.81	166.64	41400
2005	62	4.67	-12.31	-4.19	0.3	2.79	249.15	41400
2005	63	5.89	-9.25	-1.02	0	4.41	231.71	41400
2005	64	6.42	-6.65	0.53	0	5.12	193.07	41400
2005	65	3.78	-6.07	-0.78	0	3.94	201.58	41400
2005	66	5.14	-5.54	-0.01	0	5.16	267.85	41400
2005	67	6.89	-9.75	-0.62	0	4.67	185.38	41400
2005	68	6.37	-7.03	0.8	0	4.75	269.51	41400
2005	69	8.04	-5.72	1.38	0	5.16	213.25	41400
2005	70	5.42	-3.9	0.78	0	4.54	160.27	41400
2005	71	0.51	-5.71	-2.55	0	2.76	142.58	41400
2005	72	3	-11.4	-3.91	0	3.39	301.97	41400
2005	73	8.44	-12.27	-2.12	0	4.71	298.33	41400
2005	74	10.35	-11.3	-0.07	0	5.69	268.22	41400
2005	75	10.06	-7.7	2.47	0	6.21	246.24	41400
2005	76	9.45	-3.54	3.44	0	5.76	222.39	43200
2005	77	10.2	-7.03	2.05	0	5.11	285.9	43200
2005	78	6.05	-4.98	0.23	0	3.67	172.79	43200
2005	79	4.62	-7.17	-1.1	0	2.71	182.08	43200
2005	80	4.9	-4.81	-0.48	0	4.24	303.6	43200
2005	81	5.53	-8.01	-0.88	0	3.93	182.78	43200
2005	82	3.14	-10.42	-2.66	2.3	2.45	214.76	43200
2005	83	3.64	-6.37	-1.63	0	3.76	201.89	43200
2005	84	0.73	-6.46	-2.81	0	2.63	243.41	43200
2005	85	4.14	-9.81	-2.37	0	3.85	319.91	45000
2005	86	4.17	-5.44	-0.16	0	4.88	229.86	45000
2005	87	4.79	-4.48	0.73	0	4.99	189.3	45000
2005	88	3.82	-4.51	-0.45	0	3.83	196.25	45000
2005	89	8.39	-6.4	1.52	0	5.01	247.5	45000
2005	90	5.13	-4.17	1.56	0	5.78	298.53	45000
2005	91	2.84	-5.98	-0.85	0	4.75	247.61	45000
2005	92	3.18	-3.08	-0.03	0	4.43	199.04	45000
2005	93	3.67	-5.41	-3.07	0.9	1.5	206.84	45000
2005	94	2.86	-8.14	-2.6	0.9	2.47	297.57	45000
2005	95	9.87	-9.44	0.3	0	5.06	305.36	45000
2005	96	10.8	-2.18	4.83	0	7.26	280.43	45000
2005	97	10.25	-0.35	5.84	0	7.78	260.42	45000
2005	98	9.99	-2.34	4.8	0	7.57	270.54	45000
2005	99	10.46	-2.55	5.55	0	7.91	231.23	45000
2005	100	12.44	-2.89	6.12	0	8.6	306.47	45000
2005	101	7.71	-3.97	3.44	0	7.15	223.93	45000
2005	102	5.73	-3.6	1.91	0	6.37	298.32	45000
2005	103	8.12	-8.23	1.07	0	6.09	260.13	45000
2005	104	10.66	-5.61	3.62	0	7.2	263.73	45000
2005	105	10.05	-2.11	4.67	0	7.61	301.32	45000
2005	106	11.11	-7.04	3.29	0	7.29	336.43	45000
2005	107	9.58	-2.84	4.71	0	7.8	230.59	45000
2005	108	9.32	-4.9	3.75	0	6.73	249.34	46800
2005	109	6.21	-4.12	1.78	0	4.2	255.61	46800
2005	110	4.3	-2.79	0	0.8	1.75	140.78	46800
2005	111	8.77	-3.92	2.37	0	5.08	347.84	46800
2005	112	8.72	-3.6	2.33	0	4.77	239.87	46800
2005	113	11.13	-5.87	2.63	0	5.1	270.25	46800
2005	114	9.84	-1.86	3.79	0	4.05	178.78	46800
2005	115	12.69	-4.22	3.96	0	4.53	266.03	46800
2005	116	8.23	-0.71	2.51	1.4	1.92	144.6	46800
2005	117	7.98	-0.7	2.73	0.1	2.61	191.95	46800
2005	118	6.8	-2.87	1.7	1.3	2.46	159.62	46800
2005	119	5.47	-3.72	0.81	1.8	2.29	227.22	48600
2005	120	8.1	-3.45	2.48	0	3.65	256.12	48600
2005	121	9.64	-0.68	2.75	0	2.76	232.48	48600
2005	122	7.09	-1.09	1.4	0.6	1.89	209.62	48600
2005	123	8.57	-1.61	2.27	0	2.8	284.22	48600
2005	124	10.58	-3.76	3.66	0	4.34	274.6	48600
2005	125	9.23	-1.9	3.48	0	3.59	220.75	48600
2005	126	8.85	-1.12	3.46	0.7	2.76	220.19	48600
2005	127	5.17	-0.44	1.47	5.9	0.86	152.56	48600
2005	128	9.51	-0.58	4	0.3	3.44	283.58	48600
2005	129	10.42	-0.87	4.95	0.3	3.67	272.8	48600
2005	130	14.99	0.84	7.35	2.3	5.36	310.49	48600
2005	131	11.16	1.38	6.7	0	7.06	339.42	48600
2005	132	7.83	-2.12	3.52	0.8	3.85	241.88	48600
2005	133	4.9	-0.57	1.46	0.1	1.52	154.44	48600
2005	134	4.54	-2.76	0.45	2.5	1.34	188.48	48600
2005	135	4.44	-2.03	0.31	0.3	1.66	192.51	48600
2005	136	4.66	-3.53	0.19	0.1	2.03	226.74	48600
2005	137	8.15	-3.6	2.03	0	2.98	219.7	48600
2005	138	7.44	-0.19	3.44	0.1	3.47	251.88	48600
2005	139	7.02	-2.73	1.73	0.2	2.52	192.16	48600
2005	140	7.79	-1.42	2.31	0.1	2.9	189.87	48600
2005	141	7.26	-1.99	2.49	0.4	2.89	193.85	48600
2005	142	10.81	-2.26	4.39	0	4.51	289.76	48600
2005	143	11.09	-3.03	4.47	5.7	3.55	325.45	48600
2005	144	12.27	0.79	6.67	0	5.04	271.74	48600
2005	145	15.28	0.58	8.29	0	7.61	360.96	48600
2005	146	17.21	-0.51	9.18	0	9.26	345.09	48600
2005	147	17.93	2.78	10.67	0	10.21	371.85	48600
2005	148	14.26	4.44	9.39	0	8.92	324.82	48600
2005	149	18.41	0.77	10.23	0	9.53	353.83	48600
2005	150	19.14	1.71	11.18	0	10.37	309.48	48600
2005	151	14.55	4.01	9.89	0	6.45	286.19	48600
2005	152	13.98	3.93	8.92	0.1	5.15	284.1	48600
2005	153	16.49	4.53	10.95	0	7.96	253.87	50400
2005	154	15.52	2.38	8.87	5.7	5.35	261.99	50400
2005	155	6.5	1.12	3.72	13.2	1.12	104.29	50400
2005	156	8.41	1.59	4.72	5.5	1.88	183.62	50400
2005	157	10.79	1.43	5.18	6.5	1.99	236.77	50400
2005	158	13.17	0.19	6.52	11.7	2.68	265.05	50400
2005	159	13.05	2.69	7.79	11.8	2.96	293.42	50400
2005	160	15.32	5.37	10.24	0	5.1	355.51	50400
2005	161	16.54	4.57	10.87	0	6.32	343.84	50400
2005	162	17.9	6.62	12.08	0	7.22	320.6	50400
2005	163	15.93	6.17	10.4	3.2	4.91	250.54	50400
2005	164	17.45	6	10.29	1.5	4.49	243.58	50400
2005	165	18.4	6.66	12.04	0.4	6.77	319.97	50400
2005	166	21.06	4.1	12.85	0	8.7	352.51	50400
2005	167	19.56	6.09	12.3	0	7.3	304.77	50400
2005	168	18.44	6.73	11.54	0.9	5.85	289.51	50400
2005	169	19.64	9.17	14.45	0	9.47	320.97	50400
2005	170	16.11	6.54	10.4	9	4.57	241.33	50400
2005	171	16.1	4.97	10.12	0.1	4.5	313.03	50400
2005	172	14.17	5.99	9.23	1	3.49	234	50400
2005	173	17.36	3.78	9.89	1.5	4.45	291.39	50400
2005	174	10.88	6.64	8.64	2.7	2.39	191.64	50400
2005	175	12.54	3.79	7.1	0.7	3.58	214.35	50400
2005	176	15.03	0.79	8.2	0	6.22	391.41	50400
2005	177	19.39	0.71	10.76	0	8.75	334.17	50400
2005	178	19.39	3.99	11.41	0	7.75	283.44	50400
2005	179	16.5	3.25	10.8	0.4	6.36	292.91	50400
2005	180	17.09	5.49	11.36	4.9	5.69	288.36	50400
2005	181	17.23	6.27	11.06	9.9	4.27	268.19	50400
2005	182	19.03	7.22	11.78	6.3	5.51	233.05	50400
2005	183	17.18	7.53	11.65	1.9	5.08	261.41	50400
2005	184	20.35	8.28	13.88	0	7.67	314.84	50400
2005	185	20.06	9.26	13.94	0.3	8.16	253.99	50400
2005	186	19.67	9.57	14.58	0	9.94	298.64	50400
2005	187	20.65	6.11	13.86	0	9.58	345.71	50400
2005	188	21.21	5.51	13.03	0	8.5	328.8	50400
2005	189	19.76	5.9	13.04	0	7.79	245.2	50400
2005	190	18.29	7.82	12.42	0.3	6.21	238.87	50400
2005	191	18	4.92	12.4	0.1	8.97	319.85	48600
2005	192	16.56	3.92	11.33	0	8.94	227.58	48600
2005	193	16.74	2.29	10.11	0	7.35	271.28	48600
2005	194	17.59	1.58	10.55	0	7.51	270.39	48600
2005	195	19.71	4.3	12.38	0	8.52	319.05	48600
2005	196	16.48	8.56	12	0	6.31	212.24	48600
2005	197	13.31	6.84	9.79	5.1	2.95	167.78	48600
2005	198	15.5	5.08	9.16	16.8	2.91	222.47	48600
2005	199	13.44	7.8	10.05	1	3.08	187.94	48600
2005	200	17.68	7.29	10.7	1.4	4.18	243.48	48600
2005	201	16.41	7.2	11.1	1.6	4.76	275.11	48600
2005	202	16.69	6.67	10.34	7.7	3.76	239.78	48600
2005	203	14.22	5.65	9.48	6.4	2.98	212.08	48600
2005	204	15.17	8.36	11.14	4.6	3.39	202.46	48600
2005	205	14.37	6.38	10.47	9.1	3.07	189.41	48600
2005	206	15.47	5.53	10.12	5.7	3.2	246.76	48600
2005	207	15.69	6.52	11.11	1.1	3.85	246.49	48600
2005	208	17.51	7.92	12.74	0	5.6	310.01	48600
2005	209	19.08	9.02	13.3	0	5.6	284.93	48600
2005	210	16.42	8.37	12.16	1.3	4.12	184.36	48600
2005	211	15.77	7.43	11.45	13.9	3.07	191.09	48600
2005	212	17.56	8.75	10.96	9.8	3.24	185.64	48600
2005	213	17.99	8.26	12.28	12.1	4.15	239.02	48600
2005	214	15.79	7.33	10.29	8.7	2.44	166.38	48600
2005	215	18.02	8.85	12.53	0.1	4.06	235.42	48600
2005	216	15.43	7.48	11.59	5	3.45	105.64	48600
2005	217	18.06	6.66	11.81	2.3	5.03	286.63	48600
2005	218	12.76	7.55	9.82	11.1	2.36	96.97	48600
2005	219	15.21	6.67	10.48	14.9	3.13	196.95	48600
2005	220	15.88	6.23	10.48	4.3	3.68	247.12	48600
2005	221	15.49	8.56	11.78	2	4.12	216.61	48600
2005	222	16.24	8.77	11.82	0	3.97	217.64	48600
2005	223	17.65	7.31	12.33	0	4.74	271.48	48600
2005	224	18.56	9.12	12.87	0	5.05	329.7	48600
2005	225	18.42	8.43	12.46	10.3	4.97	279.51	46800
2005	226	17.5	7.4	11.56	2.2	3.9	220.74	46800
2005	227	14.59	8	11.02	6.7	3.48	130.36	46800
2005	228	13.57	5.94	9.39	6.4	2.44	202.02	46800
2005	229	13.77	8.23	10.42	8.7	2.54	177.26	46800
2005	230	13.24	6.24	9.18	14.7	2.14	159.98	46800
2005	231	12.57	7.05	9.35	10.5	2.02	161.01	46800
2005	232	13.64	7.28	9.56	13.6	2.4	161.81	46800
2005	233	14.94	4.4	8.83	12.9	2.77	238.2	46800
2005	234	15.95	5.26	9.13	9.2	3.21	229.85	46800
2005	235	14.63	6.57	9.49	2.3	2.92	199.01	46800
2005	236	14.31	7.1	9.92	3.8	2.84	185.05	45000
2005	237	13.74	4.18	8.68	15	2.61	246.22	45000
2005	238	11.68	6.12	8.41	18.1	1.99	158.65	45000
2005	239	15.7	5.5	9.13	4.9	2.8	236.64	45000
2005	240	16.34	6.96	10.74	0	4.22	304.22	45000
2005	241	17.46	5.59	11.48	0	4.86	310.61	45000
2005	242	17.89	5.09	12.02	0.1	4.87	331.22	45000
2005	243	17.55	6.09	11.38	1.1	5.81	285.08	45000
2005	244	14.6	6.02	10.53	0	4.1	204.99	45000
2005	245	13.77	6.96	9.11	2.7	2.58	163.36	45000
2005	246	13.28	5.98	9.05	2.3	2.9	166.15	45000
2005	247	13.86	6.38	9.59	0.3	3.88	213.35	45000
2005	248	15.01	2.94	9.27	0	5.67	255.9	45000
2005	249	14.96	0.89	8.53	0	6.55	295.34	45000
2005	250	13.66	1.67	8.16	0	7.26	329.53	45000
2005	251	15.23	-0.6	7.38	0	6.44	320.52	45000
2005	252	15.53	-0.44	8.08	0	6.07	300.46	45000
2005	253	15.17	1.49	8.07	0	4.78	269.72	45000
2005	254	13.42	2.7	8.36	0	4.35	253.6	45000
2005	255	13.91	5.74	9.31	0.1	4.21	219.27	45000
2005	256	15.59	3.95	9.77	3.6	4.65	279.53	45000
2005	257	15.52	3.54	8.81	7.4	4.17	258.49	45000
2005	258	12.75	3.75	7.13	7.9	2.6	170.51	45000
2005	259	12.04	4.07	7.94	0.1	2.78	201.06	43200
2005	260	12.1	3.1	7.37	16.7	2.14	148.49	43200
2005	261	14.39	5.09	9.62	0.9	3.96	241.31	43200
2005	262	15.05	6.2	9.36	2.4	4.03	244.96	43200
2005	263	14.76	4.55	8.8	0	3.69	225.4	43200
2005	264	15.78	2.25	9.43	0	4.7	271.04	43200
2005	265	15.85	6.3	10.19	0	4.98	280.57	43200
2005	266	13.38	4.75	7.88	0.8	2.96	204.89	43200
2005	267	12.99	2.83	7.14	0.7	2.54	194.23	43200
2005	268	16.19	4.14	9.4	0	4.33	250.87	41400
2005	269	14.46	3.05	8.61	0	3.85	221.8	41400
2005	270	16.63	5.51	10.53	0	5.59	249.6	41400
2005	271	15.74	4.41	9.68	0.7	5.42	256.02	41400
2005	272	15.95	1.04	8.35	0	4.84	277.67	41400
2005	273	16.37	1.29	8.72	0	5.83	250.73	41400
2005	274	16.47	2.5	9.09	0	6.44	264.18	41400
2005	275	13.11	3.79	8.24	0	5.27	244.51	41400
2005	276	12.71	1.07	6.93	0.7	3.95	216.09	41400
2005	277	10.74	3.07	5.32	5.3	2.09	138.67	41400
2005	278	11.74	2.82	5.88	2.7	2.62	175.01	41400
2005	279	11.73	1.47	5.77	0.1	3.8	212.33	41400
2005	280	10.84	-1.18	4.28	0.9	2.85	202.51	41400
2005	281	8.19	-0.07	3.33	2	2.24	178.99	41400
2005	282	6.37	-1.18	1.74	1.3	1.21	163.94	41400
2005	283	9.13	-0.65	3.85	0.8	3.08	189.58	41400
2005	284	10.12	-0.65	3.77	0.1	3.67	229.94	41400
2005	285	11.51	-3.31	3.83	0.1	4.99	265.93	41400
2005	286	11.82	-4.08	3.86	0.1	5.58	271.79	41400
2005	287	11.23	-1.51	4.34	0	6.49	268.7	41400
2005	288	10.92	-4.97	3.11	0	5.87	226.86	41400
2005	289	12.48	-5.85	2.97	0	5.83	235.92	41400
2005	290	13.31	-6.22	3.48	0	6.31	259.42	41400
2005	291	11.86	-1.83	5.05	0	7.12	261.38	39600
2005	292	12.63	-1.89	4.99	0	6.78	233.95	39600
2005	293	10.3	-0.82	5.35	0	5.81	150.88	39600
2005	294	10.3	-0.34	3.96	1.3	4.1	154.04	39600
2005	295	7.13	-2.52	0.6	8.6	1.03	156.1	39600
2005	296	-0.57	-6.38	-2.87	1.5	0.41	150.29	39600
2005	297	-0.22	-8.12	-4.64	0	1.22	225.76	39600
2005	298	5.02	-8.11	-2.05	0.1	1.89	251.33	39600
2005	299	7.54	-5.46	0.77	0.1	3.16	247.52	39600
2005	300	6.22	-3.49	1.45	0	3.58	181.37	39600
2005	301	5.4	-5.49	-0.46	0	3.08	239.69	37800
2005	302	7.23	-6.25	-0.15	0	3.41	236.97	37800
2005	303	5.08	-5.26	-0.39	0	2.96	170.11	37800
2005	304	3.6	-9.12	-2.32	1.1	1.93	195.91	37800
2005	305	2.18	-6.03	-2.12	0.1	2	176.89	37800
2005	306	4.36	-7.02	-1.4	0	2.91	236.13	37800
2005	307	6.75	-6.58	-0.8	0	3.92	231.66	37800
2005	308	5.85	-6.35	-0.77	0	4.62	236.77	37800
2005	309	4.4	-8.64	-2.65	0	3.54	219.91	37800
2005	310	4.78	-9.75	-3	0	2.95	224.87	37800
2005	311	7.36	-9.6	-1.35	0	4.22	225.1	37800
2005	312	6.25	-9.45	-1.88	0	4.07	225.55	37800
2005	313	4.24	-8.96	-2.44	0	3.83	218.62	37800
2005	314	3.17	-9.42	-3.39	0	3.43	217.72	37800
2005	315	6.3	-10.92	-3.04	0	3.49	199.72	37800
2005	316	8.67	-9.99	-1.2	0	4.35	215.48	37800
2005	317	7.41	-9.95	-1.08	0	4.41	214.13	37800
2005	318	8.59	-10.38	-1.33	0	4.41	212.64	37800
2005	319	9.75	-9.43	-0.83	0	4.52	192.58	37800
2005	320	9.99	-9.54	-0.09	0	5.07	197.34	37800
2005	321	8.77	-4.55	2.3	0	6.46	199.11	37800
2005	322	0.48	-9.8	-3.83	0	3.45	209.83	37800
2005	323	4.68	-13.85	-5.34	0	3.04	164.98	37800
2005	324	5.12	-11.38	-3.18	0	3.55	180.59	37800
2005	325	7.29	-11.83	-1.94	0	4.29	194.69	37800
2005	326	4.34	-8.84	-1.22	0	4.4	169.48	37800
2005	327	2.93	-8.97	-3.01	0	3.56	139.62	37800
2005	328	2.59	-11.81	-4.87	0	3.11	189.98	37800
2005	329	2.04	-12.25	-5.83	0	3	196.68	37800
2005	330	3.45	-14.04	-5.95	0	3.14	195.22	37800
2005	331	7.28	-12.77	-3.76	0	4.04	200.46	37800
2005	332	7.16	-13.29	-3.81	0	4.12	195.46	37800
2005	333	6.45	-13.23	-3.36	0	4.48	197.49	37800
2005	334	7.12	-14.18	-4.07	0	4.19	189.9	37800
2005	335	6.7	-12.78	-3.54	0	4.29	175.56	37800
2005	336	9.26	-11.91	-2.63	0	4.63	189.04	36000
2005	337	7.41	-13.89	-4.32	0	3.91	190.41	36000
2005	338	8.92	-14.08	-3.14	0	4.61	185.32	36000
2005	339	0.25	-13.81	-5.24	0	3.49	166.64	36000
2005	340	0.86	-16.78	-7.88	0	2.83	187.92	36000
2005	341	2.15	-14.82	-6.93	0	2.93	184.49	36000
2005	342	4.2	-14.78	-6.47	0	3.34	186.94	36000
2005	343	5.79	-15.29	-5.39	0	3.97	188.05	36000
2005	344	6.67	-13.06	-0.98	0	5.61	185.17	36000
2005	345	1.16	-9.82	-3.32	0	4.35	189	36000
2005	346	1.32	-16.71	-8.38	0	2.73	182.99	36000
2005	347	2.56	-16.82	-7.5	0	2.97	183.06	36000
2005	348	2.91	-16.51	-7.16	0	3.07	182.06	36000
2005	349	5.08	-15.13	-6.18	0	3.41	181.42	36000
2005	350	6.86	-14.25	-5.14	0	3.76	176.34	36000
2005	351	5.8	-13.43	-5.12	0	3.67	180.96	36000
2005	352	5.43	-15.98	-5.54	0	3.86	185.09	36000
2005	353	3.56	-16.35	-5.96	0	3.6	185.89	36000
2005	354	4.14	-15.79	-7.41	0	3.14	181.23	36000
2005	355	3.66	-17.42	-7.27	0	3.24	180.13	36000
2005	356	0.76	-9.74	-5.21	0	3.38	124.46	36000
2005	357	1.87	-16.73	-6.66	0	3.21	179.17	36000
2005	358	0.55	-13.66	-6.62	0	2.93	180.92	36000
2005	359	-3.35	-12.56	-7.79	0	2.53	137.32	36000
2005	360	-3.97	-19.26	-11.27	0	2.17	181.53	36000
2005	361	-0.27	-18.78	-10.55	0	2.31	164.39	36000
2005	362	0.87	-17.14	-7.58	0	2.88	153.09	36000
2005	363	0.17	-10.24	-4.87	0	2.81	155.74	36000
2005	364	2.02	-17.69	-8.95	0	2.68	182.43	36000
2005	365	7.1	-16.15	-5.58	0	4.1	185	36000
