2003	1	-4.15	-22.49	-14.16	0	1.61	87.49	32400
2003	2	-3.83	-25.58	-14.57	0	1.84	133.53	32400
2003	3	-2.23	-24.28	-14.54	0	1.86	136.55	32400
2003	4	-2.35	-24.44	-14.67	0	1.68	126.99	32400
2003	5	-3.01	-25.67	-14.56	0	1.71	139.84	34200
2003	6	-2.52	-22.53	-14.95	0	1.64	142.77	34200
2003	7	-0.46	-25.88	-15.23	0	1.74	141.65	36000
2003	8	-3.5	-24.05	-13.88	0	1.66	116.79	36000
2003	9	-3.73	-22.21	-13.85	0	1.38	136.51	36000
2003	10	-4.67	-24.97	-16.86	0	1.08	128.84	36000
2003	11	-7.57	-25.82	-17.28	0	0.99	106.73	36000
2003	12	-2.5	-23.66	-16.35	0	1.61	149.6	36000
2003	13	-1.82	-26.44	-15.96	0	1.77	133.49	36000
2003	14	-2.52	-24.05	-15.17	0	1.56	135.3	36000
2003	15	-0.26	-22.55	-12.43	0	2.15	144.45	36000
2003	16	1.81	-18.64	-10.09	0	2.05	109.37	36000
2003	17	0.56	-20.61	-10.15	0	1.93	114.41	36000
2003	18	2.65	-16.49	-8.81	0	2.43	146.64	36000
2003	19	4.59	-19.6	-8.63	0	2.65	123.58	36000
2003	20	3.86	-22.46	-10.54	0	2.41	149.67	36000
2003	21	-1.75	-16.39	-9.04	0	2.44	156.7	36000
2003	22	0.27	-21.34	-12.3	0	2.34	156.2	36000
2003	23	-1.44	-25.46	-13.33	0	2.01	136.78	36000
2003	24	-1.9	-22.2	-12.98	0	1.58	124.72	36000
2003	25	-7.29	-20.13	-13.54	0	0.63	75.24	36000
2003	26	-10.74	-23.72	-16.61	0	1.01	169.47	36000
2003	27	-7.7	-29.45	-18.63	0	1.26	170.27	36000
2003	28	-1.8	-28.49	-17.21	0	1.56	169.01	36000
2003	29	-1.99	-24.25	-13.13	0	1.88	141.76	36000
2003	30	-2.3	-22.29	-12.32	0.4	1.71	138.33	36000
2003	31	-0.41	-23.11	-12.96	0	2.05	172.07	36000
2003	32	-2.28	-24.57	-14.1	0	1.65	149.53	36000
2003	33	-1.01	-20.81	-11.36	0	1.9	145.54	36000
2003	34	-3.04	-21.47	-12.15	0	2.06	173.03	36000
2003	35	-1.95	-22.29	-12.55	0	1.18	162.11	36000
2003	36	-4.26	-22.87	-12.64	0.1	1.36	185.8	36000
2003	37	-0.31	-23.11	-11.24	0	2.33	170.24	36000
2003	38	0.97	-16.54	-8.34	0	2.81	165.48	36000
2003	39	0.29	-19.78	-9.23	0	2.35	133.75	36000
2003	40	-4.29	-15.85	-10.5	0.6	0.9	152.8	36000
2003	41	-3.7	-21.94	-13.39	0	1.04	130.87	36000
2003	42	-6.07	-24.12	-14.94	0	1.16	134.69	36000
2003	43	-1.84	-26.12	-14.58	0	1.55	197.98	36000
2003	44	0.27	-22.55	-12.2	0	1.96	196.73	39600
2003	45	-1.22	-22.1	-11.82	0	1.6	160.24	39600
2003	46	-2.29	-18.36	-9.86	0	1.21	143.37	39600
2003	47	-1.81	-20.31	-10.84	0	2.07	164.21	39600
2003	48	4.56	-21.45	-9.53	0	2.73	183.68	39600
2003	49	7.29	-17.76	-5.79	0	3.69	199.55	39600
2003	50	9.33	-15.56	-3.55	0	3.89	166.7	39600
2003	51	9.21	-7.66	0.06	0	4.5	96.44	39600
2003	52	1.49	-13.92	-5.77	0.3	1.38	126.27	39600
2003	53	-1.68	-18.51	-9.81	0	1.09	126.94	39600
2003	54	-1.43	-23.42	-12.28	0	1.54	168.21	39600
2003	55	1.4	-15.61	-7.84	0	2.22	145.36	39600
2003	56	-0.57	-12.14	-7.45	0.3	2.01	180.83	39600
2003	57	1	-15.16	-7.27	0	2.25	139.51	39600
2003	58	-4.2	-14.85	-9.35	0.2	1.87	114.27	39600
2003	59	3.83	-22.47	-8.86	0	2.67	198.88	39600
2003	60	5.25	-13.86	-4.74	0	3.22	152.15	39600
2003	61	2.35	-13.53	-6.13	0	2.33	191.81	39600
2003	62	1.08	-11.8	-6.39	0	2.48	176.87	39600
2003	63	-1.61	-10.33	-7.43	0	1.78	129.7	39600
2003	64	-10.32	-16.84	-13.18	0	0.45	81.43	39600
2003	65	-6.8	-24.16	-14.5	0	0.96	175.46	39600
2003	66	-6.57	-21.29	-13.61	0.1	0.69	187.53	39600
2003	67	-6.67	-21.93	-13.32	1.3	0.63	157.41	39600
2003	68	-0.76	-23.67	-10.93	0.1	2.04	245.31	41400
2003	69	2.33	-13.49	-6.36	0	2.43	177.75	43200
2003	70	-3.15	-17.21	-10.93	1.9	0.9	203.96	43200
2003	71	1.19	-19.17	-8.47	0	1.63	206.36	43200
2003	72	-0.43	-15.62	-7.55	0	1.15	153.82	43200
2003	73	2.53	-10.98	-5.74	0.2	1.7	148.17	43200
2003	74	4.11	-13.75	-4.86	0	2.78	217.17	43200
2003	75	-0.49	-13.4	-5.88	0	1.12	144.99	43200
2003	76	2.7	-16.99	-5.61	4.4	1.19	231.85	43200
2003	77	-2.52	-9.6	-6.85	6.1	0.39	179.47	43200
2003	78	1.35	-12.67	-5.66	0.7	1.87	280.73	43200
2003	79	3.7	-16.34	-6.46	0	2.52	282.19	43200
2003	80	-0.45	-12.66	-6.31	2.1	1.11	120.73	43200
2003	81	2.7	-16.53	-6.75	0.8	2.04	272.43	43200
2003	82	3.49	-14.06	-4.89	0	3.2	275.34	43200
2003	83	8.54	-13.14	-1.98	0	4.45	272.34	43200
2003	84	8.81	-9.35	-0.51	0	4.12	241.21	43200
2003	85	6.74	-10.42	-1.56	0	2.38	256.26	43200
2003	86	4.07	-7.69	-1.55	0	2.71	131.1	43200
2003	87	13.52	-8.53	1.46	0	5.4	279.5	43200
2003	88	16.92	-5.85	4.53	0	7.67	288.6	43200
2003	89	15.41	-5.89	4.47	1.6	6.32	272.69	43200
2003	90	4.17	-4.53	0.03	0.1	1.73	60.55	43200
2003	91	5.58	-13.74	-3	5.2	2.05	278.78	43200
2003	92	6.34	-6.02	-0.56	0	2.67	247.21	43200
2003	93	6.6	-9.6	-2.01	0	1.64	214.1	46800
2003	94	7.07	-6.37	0.47	1.8	1.89	229.24	46800
2003	95	8.32	-4.02	1.54	0.6	2	207.03	46800
2003	96	1.49	-9.63	-4	4.5	0.86	201.66	46800
2003	97	7.98	-9.81	-0.59	1	2.87	244.16	46800
2003	98	8.83	-7.71	1.04	0	4.01	191.91	46800
2003	99	7.67	-10.68	-1.28	0	3.09	147.41	46800
2003	100	2.61	-14.14	-4.99	0.1	3.14	246.26	46800
2003	101	6.51	-7.44	-1.35	0	4.27	278.46	46800
2003	102	-4.57	-10.47	-6.93	0	1.06	115.55	46800
2003	103	0.04	-18.44	-7.57	1.6	2.01	298.91	46800
2003	104	10.17	-10.7	0.3	0	5	304.98	46800
2003	105	18.14	-8.06	5.82	0	8.07	289.14	46800
2003	106	18.61	-1.82	8.73	0	9.02	257.22	46800
2003	107	6.38	-4.98	0.3	0	2.39	87.72	46800
2003	108	12.88	-11.99	0.12	1.2	3.8	290.86	46800
2003	109	14.88	-6.21	5.29	0	6.54	239.82	46800
2003	110	12.98	-3.64	3.36	0	3.61	244.46	46800
2003	111	11.8	-0.65	4.31	0	3.39	215.7	46800
2003	112	6.04	-4.06	-0.23	5.8	2.18	236.14	46800
2003	113	2.09	-6.55	-3.44	3.8	1.34	228.97	46800
2003	114	7.66	-11.18	-1.31	0	2.86	308.86	46800
2003	115	11.8	-5.72	2.81	0.1	3.11	253.08	46800
2003	116	7.08	-0.86	1.93	4.1	1.37	129.03	46800
2003	117	9.78	-2.09	2.64	2	2.5	181.02	46800
2003	118	5.01	-4.46	-0.95	4.6	1.88	208.5	48600
2003	119	8.71	-7.11	-0.14	0	3.42	358.97	50400
2003	120	13.8	-8.79	3.26	0	6.09	370.09	50400
2003	121	14.33	-7.89	4.83	0	7.14	321.45	50400
2003	122	14.82	-4.17	6.31	0	6.94	272.98	50400
2003	123	16.22	-4	6.03	0	7.01	298	50400
2003	124	12.79	-3.54	5.34	0.6	3	161.56	50400
2003	125	3.26	-2.66	0.04	3.7	1.47	85.58	50400
2003	126	6.89	-3.77	0.34	5.1	2.19	268.22	50400
2003	127	4.07	-5.61	-0.12	0	2.28	192.06	50400
2003	128	2.84	-3.07	-0.47	0.6	0.69	124.54	50400
2003	129	7.3	-8.9	-0.32	4.2	2.57	364.68	50400
2003	130	11.55	-8.18	2.44	0	4.29	324.88	50400
2003	131	13.4	-6.58	4.39	0	5.2	305.54	50400
2003	132	11.82	-4.83	3.21	4.6	2.67	178.39	50400
2003	133	2.39	-6	-1.33	6.7	0.73	208.3	50400
2003	134	1.69	-3	-0.79	2	0.3	89.21	50400
2003	135	7.78	-1.96	2.17	1.9	1.54	195.68	50400
2003	136	9.95	-6.58	1	0.9	1.85	263.51	50400
2003	137	2.41	-2.38	-0.29	3.3	0.93	121.53	50400
2003	138	7.13	-7.28	0.36	0	2.89	320.63	50400
2003	139	10.53	-8.52	2.66	0	4.06	303.21	50400
2003	140	9.51	-1.6	2.85	3.1	2.2	201.16	50400
2003	141	11.53	-6.62	2.02	0.2	2.8	242.59	50400
2003	142	2.15	-5.33	-0.23	7.9	0.76	80.68	50400
2003	143	10.59	-6.78	2.1	0	2.4	283.3	50400
2003	144	15.13	-5.39	4.67	0.1	4.28	281.15	50400
2003	145	11.86	-0.96	5.22	0	2.58	120.36	50400
2003	146	14.33	-3.36	5.86	2.5	3.13	259.29	50400
2003	147	13.5	-2.32	6	0.8	5.23	383.48	50400
2003	148	17.41	-3.92	7.29	0	5.56	358.39	50400
2003	149	15.3	-0.35	9.06	0.3	3.93	215.59	50400
2003	150	14.22	2.01	8.39	4.2	2.88	158.68	50400
2003	151	15.96	-0.38	8.59	0	5.91	348.31	50400
2003	152	14.82	1.08	8.7	0	5.93	310.94	50400
2003	153	16.43	-2.97	8.04	0	7.56	377.68	50400
2003	154	16.31	-3.36	7.21	0	5.7	283.26	50400
2003	155	13.47	-1.04	6.66	0	3.85	181.84	50400
2003	156	13.78	0.21	5.75	1.2	2.38	215.8	52200
2003	157	13.7	-2.5	6.28	0.3	2.88	257.97	54000
2003	158	5.08	2.66	4.03	16.9	0.54	59.33	54000
2003	159	15.07	-2.24	7.02	0	3.9	302.94	54000
2003	160	12.52	-1.29	6.47	0.6	3.38	265.21	54000
2003	161	8.34	-0.25	3.04	5.8	0.88	160.7	54000
2003	162	12.62	-3.21	4.98	0	4.12	341.14	54000
2003	163	13.49	-3.44	5.78	0	5.57	365.01	54000
2003	164	15.24	-5.93	5.45	0	6.14	383.23	54000
2003	165	16.81	-3.9	7.2	0	5.86	356.05	54000
2003	166	16.44	-2.72	7.58	0.7	5.51	337.7	54000
2003	167	12.3	0.23	5.78	6.4	2.43	194.64	54000
2003	168	13.63	-1.12	5.84	0.1	2.37	250.48	54000
2003	169	14.26	-0.52	7.65	0	3.73	346.97	54000
2003	170	16.31	-0.98	7.44	0	4.24	302.8	54000
2003	171	17.49	-2.49	8.16	0	4.85	299.37	54000
2003	172	9.96	-0.12	5.34	6.3	1.64	68.72	54000
2003	173	16.87	0.6	8.88	0	4.18	364.5	54000
2003	174	18.33	0.95	10.46	0.1	4.36	287.57	54000
2003	175	18.64	4.13	11.38	8.5	4.89	245.01	54000
2003	176	12.04	1.84	5.92	11.3	1.91	212.18	54000
2003	177	12.77	-1.02	5.3	2.7	2.26	256.47	54000
2003	178	15.8	-2.39	7.23	2.1	4.3	329.68	54000
2003	179	13.7	1.87	6.97	7.4	1.96	177.82	54000
2003	180	12.7	0.28	6.41	1.1	2.82	279.16	54000
2003	181	17.39	-1.6	8.82	0	4.96	349.96	54000
2003	182	14.13	1.99	9.27	0.5	4.21	178.67	54000
2003	183	15.56	-0.78	6.47	2.4	2.04	197.85	54000
2003	184	15.39	3.17	8.42	0.7	2.85	263.53	54000
2003	185	14.44	-0.94	6.33	7.3	2.06	229.96	54000
2003	186	15	-2.89	5.7	1.5	3.23	336.19	54000
2003	187	16.47	-1.99	8.03	0.2	4.81	347.69	52200
2003	188	12.24	2.14	6.78	4.1	1.75	170.4	50400
2003	189	17.11	-1.13	7.39	0.2	3.59	298.17	50400
2003	190	15.92	-0.84	7.51	1.9	3.28	229.92	50400
2003	191	11.61	0.37	6.47	8.4	1.22	125.22	50400
2003	192	12.19	0.84	7.95	0.9	2.53	127.07	50400
2003	193	10.59	-0.33	5.63	2.3	1.26	104.07	50400
2003	194	16.95	2.46	9.26	1.5	2.91	268.1	50400
2003	195	14.21	0.41	7.1	3.7	1.54	127.1	50400
2003	196	14.91	4.81	8.74	2.9	1.69	114.48	50400
2003	197	15.04	0.56	7.13	1.3	2.4	248.15	50400
2003	198	19.19	-2.03	9.3	0.1	5.66	361	50400
2003	199	12.6	5.45	8.78	0.9	2.77	134.4	50400
2003	200	15.97	-0.07	8.37	5.9	3.51	304.25	50400
2003	201	17.29	-1.49	6.07	3.7	2.56	244.3	50400
2003	202	16.32	-0.59	6.84	0.3	3.08	233.81	50400
2003	203	13.47	-0.33	6.58	0.1	2.51	209.76	50400
2003	204	18.69	-1.76	7.82	0.7	3.79	261.7	50400
2003	205	21.51	-0.35	9.89	1.7	4.61	323.77	50400
2003	206	21.56	3.94	13.43	0.9	4.5	275.07	50400
2003	207	11.8	8.09	9.2	7.6	0.89	38.27	50400
2003	208	19.57	4.83	11.35	0	3.6	333.51	50400
2003	209	21.33	3.75	13.09	0	5.79	324.28	50400
2003	210	13.75	3.36	8.66	6.1	1.58	84.63	50400
2003	211	9.53	7.14	8.41	24.7	0.17	44.74	50400
2003	212	13.32	3.02	8.37	0.6	1.77	164.07	50400
2003	213	16.18	5.76	9.59	5.9	2.03	217.6	50400
2003	214	16	1.51	8.48	1.4	2.47	254.68	50400
2003	215	19.56	-0.35	9.4	0.1	3.87	339.58	50400
2003	216	18.55	2.68	11.33	0	4.02	211.76	50400
2003	217	20.01	4.23	12.02	3.9	3.24	261.76	50400
2003	218	19.07	6.09	13.02	2.6	2.94	253	50400
2003	219	16.37	3.59	10.91	9.6	1.17	108.43	50400
2003	220	18.24	1.71	10.05	4.6	2.69	293.83	50400
2003	221	9.37	4.61	7.68	31.1	0.47	37.7	50400
2003	222	9.63	2.17	5.17	1.5	1.39	174.05	50400
2003	223	11.49	0.74	6.64	0.2	1.5	142.29	50400
2003	224	14.25	3.77	8.43	2.1	3.03	195.4	50400
2003	225	15.36	4.23	9.04	0.8	2.67	273.35	48600
2003	226	11.95	3.49	7.62	6.2	1.71	127.42	46800
2003	227	14.72	-4.22	6.03	0.1	4.16	347.29	46800
2003	228	16	-0.73	7.64	1.6	3.64	302.09	46800
2003	229	16.96	-0.34	6.68	0.2	3.08	245.99	46800
2003	230	18.01	-1.61	8.66	0	5.08	324.47	46800
2003	231	19.2	-1.11	9.23	0	5.34	285.7	46800
2003	232	17.2	5.32	10.67	2.4	3.21	210.08	46800
2003	233	16.75	3.3	9.01	11.8	2.53	215.63	46800
2003	234	19.67	3.31	11.61	0.1	3.18	258.14	46800
2003	235	19.17	6.64	12.45	0.2	2.81	202.85	46800
2003	236	17.15	8.32	10.97	4.1	1.65	129.81	46800
2003	237	11.29	3.8	8.71	8.1	0.65	79.74	46800
2003	238	18.41	2.18	9.82	0.5	4.93	317.35	46800
2003	239	17.12	0.81	8.9	2.9	2.77	204.88	46800
2003	240	13.59	5.25	9.07	2.7	1.41	123.77	46800
2003	241	15.51	4.43	8.6	18	2.86	209.29	46800
2003	242	14.8	4.96	7.95	8.2	1.51	153.78	46800
2003	243	5.13	1.21	3.55	17.4	0.37	68.85	46800
2003	244	13.24	-0.64	5.37	0.6	2.79	268	46800
2003	245	13.93	-0.86	5.69	0	2.45	285.1	46800
2003	246	8.79	-1.3	3.31	6.4	0.82	77.09	46800
2003	247	13.18	-4.57	3.97	0.1	3.2	301.3	46800
2003	248	10.93	-1.43	4.1	1	1.41	141.34	46800
2003	249	12.6	-2.41	4.7	0	1.98	198.57	46800
2003	250	14.09	-3.84	4.02	2	2.06	213.48	46800
2003	251	12.36	-3.7	3.86	0.6	2.64	255.69	43200
2003	252	15.43	-3.85	4.86	0.1	4.16	274.81	43200
2003	253	17.66	-3.83	6.26	0.1	5.43	303.13	43200
2003	254	14.65	-1.46	5.72	0.4	3.21	201.11	43200
2003	255	15.56	-2.54	5.82	0.1	3.41	265.44	43200
2003	256	17.91	-3.36	7.21	0	4.81	284.83	43200
2003	257	20.24	-1.4	8.43	0	5.49	257.99	43200
2003	258	19.02	-0.61	9.65	0	5.66	269.02	43200
2003	259	14.79	3.06	7.89	26.3	2.13	164.14	43200
2003	260	13.81	3.13	6.91	14.5	1.47	187.68	43200
2003	261	9.96	1.26	5.81	12.2	0.5	64.76	43200
2003	262	11.02	-3.49	2.9	7.2	1.15	161.79	43200
2003	263	13.09	-1.71	4.36	0.1	3.03	257.61	43200
2003	264	13.06	-3.97	3.85	0.4	3.24	222.92	43200
2003	265	12.32	-5.92	3.51	0.1	3.3	243.03	43200
2003	266	13.95	-6.28	3.55	0	4.15	235.57	43200
2003	267	14.66	-4.3	5.44	0	4.03	218.36	43200
2003	268	12.65	1.42	7.17	4.4	2.32	149.2	43200
2003	269	13.74	-0.92	5.52	5.3	2.32	216.85	43200
2003	270	10.42	2.45	5.27	0.8	1.1	90.76	43200
2003	271	16.01	2.2	7.79	7	2.76	235.27	43200
2003	272	3.16	-0.94	1.11	3.8	0.12	34.91	43200
2003	273	3.1	-0.37	0.83	0.9	0.34	48.89	43200
2003	274	7.4	-1.02	1.84	2.9	0.75	98.92	43200
2003	275	7.34	-2.5	1.22	3.1	0.9	120.46	41400
2003	276	9.77	-1.17	2.69	0.3	1.61	160.63	39600
2003	277	7.35	-2.09	0.82	2.6	1.11	156.1	39600
2003	278	9.25	-5.35	1.43	0	2.08	183.61	39600
2003	279	11.52	-8.89	0.92	0	3.7	224.72	39600
2003	280	13.57	-6.23	2.57	0	4.41	208.65	39600
2003	281	12.93	-7.69	2.52	0	3.45	164.75	39600
2003	282	10.59	-5.29	3.88	0	2.48	173.39	39600
2003	283	6.87	-1.7	1.85	0.2	0.93	75.95	39600
2003	284	1.63	-3.16	-1.41	2.7	0.2	45.18	39600
2003	285	-0.12	-3.65	-1.92	1.6	0.17	58.84	39600
2003	286	8.33	-5.09	-0.07	1.6	1.52	189.14	39600
2003	287	8.8	-2.82	2.01	0	2.58	188.32	39600
2003	288	9.78	-6.43	1.15	0	3.26	223.79	39600
2003	289	10.58	-7.66	0.88	0	2.75	201.16	39600
2003	290	10.17	-6.72	2.5	0	2.78	168.99	39600
2003	291	8.67	-4.48	1.84	0	2.09	146.66	39600
2003	292	1.79	-10.94	-4.53	0.5	1.59	172.9	39600
2003	293	7.79	-12.69	-2.86	0	3.35	217.73	39600
2003	294	8.36	-12.86	-3.09	0	2.99	214.38	39600
2003	295	7.84	-11.83	-2.87	0	2.58	181.85	39600
2003	296	9.4	-9.49	-0.9	0	3.3	197.41	39600
2003	297	7.19	-8.42	-1.59	0	2	158.7	39600
2003	298	7.39	-12.22	-2.73	1.2	2.74	209.82	39600
2003	299	8.64	-11.88	-1.69	0	3.91	208.42	39600
2003	300	9.81	-12.19	-2.23	0	3.39	198.79	39600
2003	301	4.62	-9.51	-2.26	0	1.58	66.06	36000
2003	302	6.7	-8.72	0.11	0	3.96	172.35	36000
2003	303	8.86	-10.45	-2.66	0	3.58	196.84	36000
2003	304	8.6	-12.06	-3.14	0	3.25	192.89	36000
2003	305	9.54	-9.39	-1.05	0	3.99	178.77	36000
2003	306	7.08	-12.61	-3.13	0	3.1	191	36000
2003	307	7.16	-12.05	-3.85	0	2.54	131.3	36000
2003	308	8.57	-7.94	-0.43	0	3.6	152.09	36000
2003	309	10.72	-9.92	-0.29	0	3.89	172.64	36000
2003	310	0.63	-7.04	-2.54	0	1.03	35.49	36000
2003	311	0.45	-7.11	-4.32	2	0.56	118.43	36000
2003	312	-1.08	-9.29	-5.34	0.5	0.72	98.47	36000
2003	313	0.85	-14.72	-5.42	0.3	1.06	93.47	36000
2003	314	2.03	-16.03	-7.22	0	1.47	168.13	36000
2003	315	-3.3	-17.28	-9.78	3.9	1.03	176.58	36000
2003	316	0.11	-19.88	-10.61	0.1	1.61	176.07	36000
2003	317	5.23	-16.4	-6.47	0	2.88	174.15	36000
2003	318	7.45	-13.94	-4.4	0	2.68	159.05	36000
2003	319	4.98	-12.17	-4.44	0	1.65	143.12	36000
2003	320	4.83	-8.21	-2.98	0	1.62	103.42	36000
2003	321	5.38	-10.73	-4.23	0	1.88	163.55	36000
2003	322	4.65	-11.89	-4.45	0	1.55	139.38	36000
2003	323	-0.49	-9.09	-4.73	3.8	0.48	65.34	36000
2003	324	-0.16	-13.6	-7.2	0	1.59	163.7	36000
2003	325	-0.77	-18.19	-10.91	0	1.53	165.97	36000
2003	326	1.39	-18.81	-9.79	0	1.65	140.19	36000
2003	327	2.76	-15.69	-7.81	0	2.05	148.39	36000
2003	328	0.58	-18.91	-9.12	0	1.96	148.16	36000
2003	329	-4.03	-17.49	-10.6	0	1.13	78.86	36000
2003	330	-2.75	-20.97	-13.12	0	1.29	159.71	36000
2003	331	-2.64	-19.52	-12.32	0	1.2	109.76	36000
2003	332	-4.79	-21.42	-12.98	0.1	1.28	157.23	36000
2003	333	0.92	-22.21	-11.59	0.1	2.09	152.24	36000
2003	334	-0.16	-20.23	-9.78	0	1.98	108.41	36000
2003	335	-2.25	-20.74	-11.59	0	1.65	145.94	36000
2003	336	-1.13	-18.11	-10.83	0	1.94	144.77	36000
2003	337	-0.2	-19.26	-9.69	0	1.76	128.1	36000
2003	338	-2.12	-16.97	-9.31	0	1.6	88.69	34200
2003	339	-3.38	-19.49	-11.93	0	1.79	143.18	34200
2003	340	-3.29	-24.03	-14.34	0	1.49	144.89	32400
2003	341	-3.16	-23.41	-13.08	0	1.41	141.99	32400
2003	342	-3.2	-21.84	-13.91	0	1.25	140.12	32400
2003	343	-3.62	-19.05	-10.7	0	1.62	133.47	32400
2003	344	-1.25	-19.96	-12.53	0	1.66	142.15	32400
2003	345	0.02	-21.89	-12.92	0	1.53	133.18	32400
2003	346	0.23	-18.98	-10.06	0	2.1	138.39	32400
2003	347	1.79	-19.75	-11.27	0	1.96	139.34	32400
2003	348	3.57	-20.52	-10.7	0	2	128.61	32400
2003	349	2.16	-17.22	-9.22	0	1.91	114.81	32400
2003	350	-1.21	-20.51	-12.4	0	1.13	133.56	32400
2003	351	-6.97	-21.39	-13.7	0	0.64	104.27	32400
2003	352	-6.42	-21.97	-15.57	0.7	0.58	99.2	32400
2003	353	-5.62	-24.59	-16.52	0	0.67	146.88	32400
2003	354	-1.72	-21.14	-13.98	0	0.88	108.15	32400
2003	355	-4.42	-20.12	-13.76	0.1	0.53	83.08	32400
2003	356	-1.87	-21.92	-12.82	0	1.04	143.42	32400
2003	357	-1.15	-21.97	-13.05	0	1.67	140.1	32400
2003	358	-4.29	-21.25	-13.5	0	1.37	108.66	32400
2003	359	-5.08	-25.22	-16.36	0	1.15	136.89	32400
2003	360	-2.46	-23.67	-15.32	0	1.1	130.86	32400
2003	361	-2.83	-22.12	-13	0	1.13	105.54	32400
2003	362	-7.1	-18	-12.79	0	0.79	73.7	32400
2003	363	-7.4	-19.27	-11.84	0	0.75	101.81	32400
2003	364	-5.38	-23.33	-15.74	0.1	0.88	147.36	32400
2003	365	-4.03	-21.49	-12.5	0	1.06	117.49	32400
2004	1	-8.12	-22.63	-16.82	0	0.85	135.48	32400
2004	2	-8.36	-29.59	-18.85	0	0.81	135.97	32400
2004	3	-4.4	-25.97	-17.02	0.6	0.9	134.63	32400
2004	4	-2.95	-23.09	-15.08	0.1	0.99	140.73	32400
2004	5	-2.13	-19.5	-11.56	0	1.26	130.21	34200
2004	6	-2.27	-21.38	-12.11	0	1.6	140.48	34200
2004	7	-2.45	-22.07	-13.22	0	1.34	133.18	36000
2004	8	-1.14	-18.82	-10.79	0	1.94	143.02	36000
2004	9	-2.63	-23.75	-13.29	0	1.59	103.87	36000
2004	10	-3.42	-22.1	-13.66	0	1.1	106.35	36000
2004	11	-6.44	-22.96	-14.14	0.1	0.95	104.76	36000
2004	12	-1.66	-24.54	-14.83	0	1.6	148.5	36000
2004	13	-0.45	-22.08	-11.84	0	1.83	140.92	36000
2004	14	-6.07	-16.69	-10.59	0.2	0.74	104.86	36000
2004	15	-6.7	-23.75	-14.72	0.3	0.46	138.56	36000
2004	16	-6.01	-23.45	-15.18	0	1.13	150.41	36000
2004	17	-5.44	-22.41	-13.12	0	1.01	136.77	36000
2004	18	-7.64	-26.4	-17.74	0	0.51	156.06	36000
2004	19	-6.78	-25.73	-15.83	0	0.75	157.21	36000
2004	20	-7.91	-26.09	-16.12	0.4	0.7	167.46	36000
2004	21	-8.49	-29.37	-20.85	0	0.7	166.42	36000
2004	22	-9.08	-29.2	-19.11	0	0.99	166.36	36000
2004	23	-8.08	-23.04	-17.2	0	1.28	170.5	36000
2004	24	-6.75	-29.26	-18.69	0.1	1.01	166.05	36000
2004	25	-2.84	-27.43	-15.55	0	1.31	156.6	36000
2004	26	-3.03	-21.43	-13.52	0	1.37	167.85	36000
2004	27	-1.43	-24.8	-15.49	0	1.22	167.68	36000
2004	28	-5.11	-23.56	-14.6	0	0.79	101.22	36000
2004	29	-2.49	-24.04	-14.17	0.8	1.12	175.22	36000
2004	30	-2.36	-18.08	-10.58	0	1.55	129.76	36000
2004	31	-6.46	-18.35	-12.96	0.1	0.66	136.29	36000
2004	32	-12.97	-22.8	-16.95	0	0.26	62.7	36000
2004	33	-11.66	-24.44	-18.81	0.2	0.36	139.01	36000
2004	34	-11.53	-31.98	-21.86	0	0.6	178.25	36000
2004	35	-10.64	-27.7	-20.28	0	0.77	165.94	36000
2004	36	-11.17	-31.73	-21.37	0	0.76	186.85	36000
2004	37	-8.89	-32.25	-21.69	0	0.81	195.11	36000
2004	38	-8.11	-29.91	-20.42	0.1	0.89	192.32	36000
2004	39	-5.16	-29	-18.16	0.1	1.13	190.91	36000
2004	40	-0.81	-24.8	-14.5	0.2	1.4	182.11	36000
2004	41	-0.23	-22.13	-11.67	0	1.53	189.19	36000
2004	42	0.78	-21.61	-10.59	0	1.86	193	36000
2004	43	-2.35	-21.22	-11.85	0	1.75	199.46	36000
2004	44	4.62	-17.2	-7.91	0	2.96	201.25	39600
2004	45	4.66	-20.36	-9.21	0	2.37	200.38	39600
2004	46	-2.06	-15.68	-8.98	0	1.79	122.95	39600
2004	47	-1.79	-20.79	-10.64	0	1.46	176.98	39600
2004	48	3.44	-19.13	-8.47	0	2.46	206.87	39600
2004	49	7.38	-19.97	-6.05	0	3.31	197.45	39600
2004	50	3.96	-15.15	-5.23	0	2.79	143.32	39600
2004	51	-2.58	-14.42	-7.93	0.4	1.36	141.43	39600
2004	52	-2.27	-23.03	-11.54	0	1.68	173.71	39600
2004	53	-1.9	-22.47	-12.15	0	1.53	170.8	39600
2004	54	-2.7	-17.64	-10.65	0	1.01	119.68	39600
2004	55	-3.15	-24.15	-14.23	0.3	1.14	151.23	39600
2004	56	-2.44	-18.88	-10.96	0	1.79	144.75	39600
2004	57	1.71	-19.31	-9.68	0	2.04	218.94	39600
2004	58	5.45	-15.21	-5.87	0	2.61	146.09	39600
2004	59	3.68	-19.26	-7.66	0	2.33	185.5	39600
2004	60	-4.74	-14.4	-9.03	2.7	0.54	145.27	39600
2004	61	-7.06	-21.5	-13.32	0.2	0.47	191.05	39600
2004	62	-10.06	-24.08	-15.61	0	0.92	188.18	39600
2004	63	-3.28	-26.01	-14.33	0	1.59	239.07	39600
2004	64	-1.91	-22.76	-12.25	0	1.86	234.21	39600
2004	65	-0.95	-19.99	-10.12	0.1	2.4	225.05	39600
2004	66	0.82	-21.19	-9.49	0	2.39	249.6	39600
2004	67	-1.83	-17.42	-10.68	0	1.15	141.57	39600
2004	68	6.44	-16.75	-4.98	0.1	3.4	235.57	39600
2004	69	12.13	-5.62	2.28	0	5.71	166.38	39600
2004	70	4.09	-9.55	-2.41	0	2.09	109.71	41400
2004	71	0.71	-10.1	-4.84	1.3	0.95	189.22	43200
2004	72	3.9	-13.99	-4.95	0	2.23	144.56	43200
2004	73	6.57	-14.42	-3.49	0	3.26	198.72	43200
2004	74	10.8	-12.55	-1.66	0	4.6	221.31	43200
2004	75	11.36	-5.47	0.82	0	5.25	154.85	43200
2004	76	10.85	-9.23	-1.29	0	3.64	142.87	43200
2004	77	5.1	-8.58	-2.89	1.3	1.24	153.74	43200
2004	78	8.92	-9.34	-0.86	0	2.72	199.25	43200
2004	79	6.56	-6.74	-1.15	0	1.74	159	43200
2004	80	-1.95	-10.3	-5.26	6.2	0.41	172.85	43200
2004	81	0.71	-18.03	-7.52	1.9	1.04	240.31	43200
2004	82	4.55	-11.38	-2.89	0.5	1.65	248.23	43200
2004	83	4.01	-8.7	-3.21	0	1.1	179.61	43200
2004	84	-2.14	-10.3	-5.85	5.6	0.51	197.29	43200
2004	85	2.88	-9.3	-3.44	0.9	1.72	243.96	43200
2004	86	3.16	-6.64	-2.33	0	1.22	196.55	43200
2004	87	6.43	-9.03	-2.28	0.7	1.93	195.72	43200
2004	88	6.55	-7.51	-1.92	0	2.68	215.29	43200
2004	89	2.72	-12.83	-4.16	0	2.93	266.37	43200
2004	90	4.08	-12.57	-3.17	0	3.12	257.44	43200
2004	91	-1.6	-8.57	-4.56	0	2.31	179.24	43200
2004	92	6.98	-10.96	-1.23	0	4.46	279.02	43200
2004	93	7.54	-10.21	-0.71	0	4.39	307.63	43200
2004	94	10.76	-11.62	-0.44	0	4.69	303.9	43200
2004	95	12.44	-9.1	2.14	0	5.68	303.44	46800
2004	96	7.03	-5.27	1.52	0	4.29	178.56	46800
2004	97	3.53	-9.95	-3.87	0	1.92	187.15	46800
2004	98	4.13	-13.75	-5.11	0	2.13	311.91	46800
2004	99	6.29	-13.54	-2.85	0	3.2	258.72	46800
2004	100	8.39	-9.42	-0.07	0	4.74	318.76	46800
2004	101	12.21	-9.06	1.01	0	4.85	285.46	46800
2004	102	7.09	-4.69	-0.64	0	1.97	168.61	46800
2004	103	-2.29	-6.66	-4.7	11	0.2	138.76	46800
2004	104	-3.17	-13.39	-7.16	4.2	0.49	242.36	46800
2004	105	1.12	-16.05	-7.63	0	1.52	345.28	46800
2004	106	1.39	-14.18	-5.86	0	1.93	337.19	46800
2004	107	4.25	-10.7	-3.2	0	2.34	323.71	46800
2004	108	6.84	-10.12	-1.47	0	2.85	324.21	46800
2004	109	11.44	-7.29	1.82	0	4.86	338.74	46800
2004	110	14.42	-7.18	4.01	0	5.94	294.14	46800
2004	111	15.74	-3.21	7.17	0	7.86	323.76	46800
2004	112	14.88	-5.03	4.96	0	6.06	250.66	46800
2004	113	12.62	-4.72	4.32	0.5	3.52	225.99	46800
2004	114	14.67	-4.45	5.27	0.1	4.27	306.85	46800
2004	115	17.38	-4.36	7	0	6.23	296.44	46800
2004	116	6.6	-1.09	2.25	0	3.07	197.85	46800
2004	117	14.77	-4.65	4.95	0	6.05	326.43	46800
2004	118	17.59	-5.83	6.13	0	7.44	342.52	46800
2004	119	18.87	-6.36	6.89	0	7.89	318.4	46800
2004	120	11.36	-1.73	3.85	1.4	2.83	168.16	48600
2004	121	14.97	-3.48	5.72	0.3	3.82	290.72	50400
2004	122	6.93	-2.85	3.85	0	1.76	58.31	50400
2004	123	-2.34	-9.39	-4.81	8.4	0.85	192.17	50400
2004	124	2.43	-14.66	-5.4	0	2.3	357.52	50400
2004	125	6.51	-10.01	-1.26	0	3.65	367.67	50400
2004	126	10.56	-10.03	0.89	0	3.96	330.45	50400
2004	127	2.41	-5.94	-0.49	2	1.2	99.82	50400
2004	128	12.28	-7.87	2.4	0	4.16	358.12	50400
2004	129	17.78	-5.77	6.64	0	7.03	324.1	50400
2004	130	17.32	-4.47	6.19	0.4	5.92	224.96	50400
2004	131	9.35	-4.04	2.69	2.4	1.09	112.38	50400
2004	132	9.65	-7.91	0.4	8	1.82	316.55	50400
2004	133	5.63	-1.93	0.99	3.8	0.66	114.02	50400
2004	134	9.45	-3.54	2.35	0	1.8	246.71	50400
2004	135	4.86	-3.18	0.6	0.6	1.89	198.05	50400
2004	136	3.85	-4.15	-0.67	0	2.4	286.01	50400
2004	137	9.87	-9.46	1.94	0	4.94	376.26	50400
2004	138	9.53	-8.34	2.52	0	5.02	366.82	50400
2004	139	12.61	-1.65	5.21	0	5.64	355.6	50400
2004	140	14.94	-5.56	5.96	0	7.03	366.51	50400
2004	141	15.91	-5.09	5.74	0	6.93	275.39	50400
2004	142	15.85	-4.35	6.77	0	6.79	294.36	50400
2004	143	15.98	-3.01	6.54	0	5.7	306.52	50400
2004	144	16.67	-4.13	6.48	0	4.77	287.87	50400
2004	145	3.76	-0.54	1.92	7.6	0.94	81.92	50400
2004	146	12.34	-7.31	3.94	0	3.7	339.98	50400
2004	147	9.56	0.08	3.83	3.1	1.44	117.3	50400
2004	148	11.86	-2.91	3.82	0.5	2.42	255.75	50400
2004	149	13.82	-4.17	4.76	0.2	3.18	227.68	50400
2004	150	6.32	-0.09	2.96	1.9	0.9	127.62	50400
2004	151	10.91	-1.85	3.61	0.1	2.1	228.43	50400
2004	152	14.27	-3.6	4.85	0	3.69	221.39	50400
2004	153	19.13	-2.98	8.53	0	6.95	329.78	50400
2004	154	15.61	-1.04	6.68	0.8	4.33	207.51	50400
2004	155	5.78	-0.2	2.34	1.4	1.44	96.68	50400
2004	156	9.5	-1.43	3.49	1.7	3.33	280.49	50400
2004	157	8.03	-5.99	2.14	0	3.25	238.88	50400
2004	158	9.18	-4.46	2.8	0	3.88	261.95	52200
2004	159	13.46	-5.94	3.79	0	4.77	344.08	54000
2004	160	13.57	-4.9	5.3	0	4.04	348.73	54000
2004	161	13.36	-3.43	5.74	0	4.13	259.56	54000
2004	162	15.99	-3.07	7.82	0	4.61	319.32	54000
2004	163	16.03	-0.85	7.13	7.5	2.34	182.59	54000
2004	164	7.77	4.19	6.38	9.3	0.96	63.4	54000
2004	165	14.31	1.49	7.3	3.1	4.03	223.48	54000
2004	166	11.95	-0.49	6.43	0.5	3.68	230.77	54000
2004	167	15.45	-3.05	5.81	0	4.79	285.76	54000
2004	168	14.91	-4.23	6.42	0.1	6.18	382.17	54000
2004	169	14.18	-0.57	7.37	0	6.34	367.55	54000
2004	170	14.78	-2.23	6.97	0	6.18	331.11	54000
2004	171	14.72	-4.52	6.02	0	5.39	312.07	54000
2004	172	16.89	-3.85	5	0	3.67	245.97	54000
2004	173	18.6	-4.17	8.68	0	6.93	340.91	54000
2004	174	16.18	2.28	8.44	1.4	3.99	200.09	54000
2004	175	14.29	0.11	7.11	0.3	3.04	226.28	54000
2004	176	16.29	-0.96	9.03	0	4.99	285.84	54000
2004	177	18.76	-1.51	9.5	0	6.57	371.98	54000
2004	178	15.51	0.81	9.13	0.8	3.48	158.6	54000
2004	179	19.12	8.38	11.97	0.5	2.93	194.07	54000
2004	180	18.21	8.2	11.47	11.9	2.1	165.64	54000
2004	181	8.33	4.53	6.79	9.5	0.86	44.06	54000
2004	182	17.43	3.37	9.25	0	5	351.52	54000
2004	183	14.3	2.91	7.55	6.3	2.33	155.52	54000
2004	184	15.88	-0.53	7.99	0	4.13	305.1	54000
2004	185	16.72	-0.47	8.84	0.1	4.59	267.06	54000
2004	186	16.13	0.61	8.44	0	5.66	298.61	54000
2004	187	18.75	-0.75	8.26	0	6.39	341.02	54000
2004	188	19.79	-2.56	9.31	0	6.14	349.76	54000
2004	189	17.11	4.75	10.88	0	4.98	181.15	52200
2004	190	7.75	3.09	5.52	16.1	0.86	52.54	50400
2004	191	14.15	-0.22	7	0.1	4.9	384.2	50400
2004	192	17.88	-5.73	7.29	0	6.16	379.03	50400
2004	193	18.25	-1.57	9.05	0	6.54	360.32	50400
2004	194	17.25	2.74	10.07	0	5.77	302.26	50400
2004	195	16.96	0.02	8.81	0	5.07	296.24	50400
2004	196	14.51	-0.2	6.07	8.2	2.18	211.31	50400
2004	197	14.51	-0.78	6.64	0.5	2.59	267.1	50400
2004	198	9.98	2.04	5.64	3.3	0.86	97.85	50400
2004	199	13.26	1.29	7.04	3.5	2.22	204.76	50400
2004	200	16.18	-1	7.55	0	4.32	263.78	50400
2004	201	19.33	-0.97	9.47	0	5.88	369.69	50400
2004	202	21.65	-0.47	11.86	0	6.41	353.98	50400
2004	203	20.45	2.26	12.13	0	5.28	329.25	50400
2004	204	18.88	8.19	12.74	22.2	3.51	182.52	50400
2004	205	14.49	8.83	10.97	12.3	1.2	104.28	50400
2004	206	17.2	9.23	12	0.8	1.71	171.4	50400
2004	207	12.87	6.61	10.89	1.9	2.21	100.64	50400
2004	208	18.52	3.66	10.97	5	4.55	303.78	50400
2004	209	17.01	4.82	9.31	8.3	2.6	259.25	50400
2004	210	7.59	2.41	4.39	27.9	0.38	55.84	50400
2004	211	14.37	0.2	6.3	0	2.29	320.83	50400
2004	212	20.05	-1.42	9.47	0	5.05	355.93	50400
2004	213	18.76	0.78	10.44	0	4.42	283.19	50400
2004	214	20.1	3.45	11.07	0.1	4.37	291.58	50400
2004	215	20.49	2.57	11.57	0.1	4.4	290.57	50400
2004	216	20.62	4.12	11.93	0	4.34	287.08	50400
2004	217	20.63	2.51	11.51	0	3.2	293.92	50400
2004	218	22.08	4.51	13.78	4	4.7	308.04	50400
2004	219	9.84	7.07	8.51	25.5	0.41	34.61	50400
2004	220	16.18	3.81	10.65	0.1	1.99	197.6	50400
2004	221	21.8	2.37	12.28	0.1	6.01	328.88	50400
2004	222	11.22	4.13	8.32	5.1	1.26	47.55	50400
2004	223	10.64	7.49	8.75	0.2	0.38	38.86	50400
2004	224	11.57	7.18	8.9	15.8	0.6	68.06	50400
2004	225	16.64	6.15	11.11	0	2.15	255.35	50400
2004	226	13.47	6.82	10.35	8.2	0.78	83.35	50400
2004	227	9.35	5.39	7.53	2.9	1.1	61.45	48600
2004	228	16.36	2.01	8.8	0	4.5	294.53	46800
2004	229	17.54	-0.1	7.68	3	3.61	275.23	46800
2004	230	15.62	0.36	6.36	0.3	2.35	214.17	46800
2004	231	13.74	-0.28	6.27	2.9	1.59	142.56	46800
2004	232	12.56	0.55	6.96	2.1	1.9	147.62	46800
2004	233	15.39	-1.68	6.64	0	3.89	320	46800
2004	234	16.67	-0.88	7.45	0.5	2.45	277.32	46800
2004	235	16.95	1.8	9.15	7.1	2.61	213.57	46800
2004	236	11.72	5.38	8.16	12.6	0.62	62.36	46800
2004	237	15.22	3.59	8.08	7.5	3.33	250.39	46800
2004	238	14.74	0.98	6.21	3	1.68	200.06	46800
2004	239	15.26	1.71	7.5	0	2.62	262.57	46800
2004	240	14.98	0.03	6.93	1.4	3.02	274.6	46800
2004	241	15.66	-2.75	6.61	0.1	3.19	280.1	46800
2004	242	14.07	1.46	7.35	0	2.48	191.66	46800
2004	243	15.28	1.33	7.15	0.4	2.15	210.66	46800
2004	244	15.87	1.16	7.7	0	2.8	268.31	46800
2004	245	14.91	-0.63	7.66	7.7	2.03	202.39	46800
2004	246	15.07	3.06	9.38	9.8	2.14	189.7	46800
2004	247	10.49	6.58	8.03	13.1	0.48	48.57	46800
2004	248	12.32	4.54	7.18	10.1	1.21	115.17	46800
2004	249	8.75	3.21	6.02	4.5	0.65	71.1	46800
2004	250	12.46	3.46	7.12	2.6	1.58	195.78	46800
2004	251	7.93	0.84	4.32	0.9	0.85	116.78	46800
2004	252	12.94	-6.67	3.33	0.3	2.61	276.53	46800
2004	253	11.97	-1.86	4.21	0.1	2.74	224.16	43200
2004	254	11.13	-3.42	2.62	6.1	1.52	170.18	43200
2004	255	13.32	-7.44	1.52	1.3	2.29	230.68	43200
2004	256	5.96	-5.93	0.8	13.7	0.79	128.57	43200
2004	257	10.53	-8.86	1.74	0.1	3.69	302.22	43200
2004	258	14.19	-4.65	4.91	0	5.46	293.25	43200
2004	259	16.16	-7.27	4.76	0	4.73	274.74	43200
2004	260	12.82	-4.12	3.74	3.1	2.01	159.57	43200
2004	261	12.08	1.72	5.52	0.6	2.05	198.73	43200
2004	262	11.06	1.6	4.88	2.7	1.54	131.87	43200
2004	263	3.35	-0.79	0.59	11.8	0.17	71.51	43200
2004	264	9.99	-3.52	2.35	4.2	1.88	229.93	43200
2004	265	12.42	-5.03	2.9	0.1	2.58	200.24	43200
2004	266	15.36	-6.59	3.79	0	3.94	271.57	43200
2004	267	7	-1.16	3.41	5.8	0.65	60.91	43200
2004	268	5.22	-0.42	1.74	8.4	0.48	96.71	43200
2004	269	11.15	-0.79	2.98	1.9	1.68	163.02	43200
2004	270	12.27	0.53	5.45	1.8	2.39	210.9	43200
2004	271	11.58	-4.14	3.29	0	2.36	214.42	43200
2004	272	12.78	-6.63	2.66	0.1	2.96	218.77	43200
2004	273	11.42	-3.39	3.74	0	2.24	144.29	43200
2004	274	4.33	-3.86	-0.7	0.6	1.08	123.02	43200
2004	275	7.2	-10.58	-2.05	0	2.37	231.15	43200
2004	276	8.6	-12.2	-2.35	0	2.91	246.13	43200
2004	277	10.83	-9.49	-0.39	0	2.96	239.3	41400
2004	278	4.91	-5.57	-0.13	0	1.49	83.31	39600
2004	279	5.49	-7.01	-0.29	1.5	1.83	153.36	39600
2004	280	5.56	-10.11	-2.72	0	1.78	164.82	39600
2004	281	10.77	-11.76	-1.25	0	3.47	249.38	39600
2004	282	12.72	-9.37	0.79	0	3.97	238.12	39600
2004	283	3.87	-4.77	-0.46	1.4	1.21	50.06	39600
2004	284	4.61	-10.09	-3.32	0.4	0.57	170.3	39600
2004	285	8.22	-11.41	-2.55	0	1.96	212.43	39600
2004	286	9.21	-9.25	-0.5	0.1	2.23	193.54	39600
2004	287	4.61	-7.26	0.54	0	1.25	71.92	39600
2004	288	5.8	-2.12	0.87	3.1	0.82	102.59	39600
2004	289	3.84	-1.52	0.67	0.1	0.84	52.29	39600
2004	290	2.95	-5.08	-0.53	3.3	0.62	76.95	39600
2004	291	8.79	-8.66	-1.09	0	2.88	218.94	39600
2004	292	10.71	-11.58	-1.33	0	3.04	207.85	39600
2004	293	10.85	-7.98	1.18	0	2.94	209.33	39600
2004	294	-0.92	-4.74	-2.85	4.3	0.31	114.2	39600
2004	295	3.95	-7.28	-1.77	1.4	0.98	167.32	39600
2004	296	7.27	-5.61	0.2	0	1.85	178.16	39600
2004	297	3.95	-8.94	-2.91	2	1.79	202.62	39600
2004	298	6.6	-10.02	-2.62	0	2.97	197.53	39600
2004	299	4.22	-11.68	-4.59	0	1.96	199.84	39600
2004	300	6.51	-12.47	-4.58	0	2.09	203.04	39600
2004	301	8.36	-11.98	-2.96	0	2.66	205.58	39600
2004	302	8.22	-10.04	-1.44	0	2.34	182.69	39600
2004	303	4.98	-5.56	-0.32	0.3	2.05	181.72	36000
2004	304	1.48	-11.85	-4.56	7.4	1.29	165.48	36000
2004	305	1.63	-13.3	-6.37	0	2.3	194.6	36000
2004	306	3.51	-15.87	-6.91	0	2.18	194.7	36000
2004	307	5	-15.26	-6.34	0	2.33	190.49	36000
2004	308	6.1	-13.91	-4.99	0	2.65	191.45	36000
2004	309	4.87	-11.98	-4.22	0	2.73	179.68	36000
2004	310	5.03	-10.93	-4.51	0	2.67	180.17	36000
2004	311	6.68	-10.47	-3.84	0	2.93	172.13	36000
2004	312	3.81	-13.9	-5.57	0	2.18	140.13	36000
2004	313	5.12	-13.88	-4.45	0	2.47	158.04	36000
2004	314	4.81	-12.13	-5	0	2.31	136.37	36000
2004	315	2.1	-16.62	-6.51	0	2.25	170.17	36000
2004	316	1.94	-14.58	-7.77	0	2.31	171.44	36000
2004	317	0.54	-15.21	-7.89	2.5	0.91	147.03	36000
2004	318	-2.54	-15.39	-9.94	0.1	0.47	75.42	36000
2004	319	-3.49	-19.65	-11.6	0.3	0.69	124.46	36000
2004	320	-4.52	-20.29	-13.55	0	0.87	140.83	36000
2004	321	-3.18	-20.23	-13.17	0	1.32	179.1	36000
2004	322	0.09	-21.29	-11.92	0	1.82	166.24	36000
2004	323	1.65	-18.99	-9.95	0	1.86	152.34	36000
2004	324	1.68	-17.68	-9.51	0	1.85	159.75	36000
2004	325	2.08	-18.91	-8.74	0	2.08	157.72	36000
2004	326	3.25	-13.03	-5.71	0	2.12	116.57	36000
2004	327	-3.77	-16.96	-9.05	0.7	0.96	137.19	36000
2004	328	-1.85	-22.79	-12.58	0	1.3	157.76	36000
2004	329	-10	-26.58	-16.34	0	0.56	134.19	36000
2004	330	-3.36	-27.14	-15.41	0	1.5	159.95	36000
2004	331	-2.2	-24.08	-15.04	0	1.27	154.04	36000
2004	332	0.03	-21.23	-12.84	0	1.58	153.08	36000
2004	333	2.55	-18.63	-9.7	0	2.31	149.32	36000
2004	334	2.85	-20.59	-10.53	0	2.21	148.76	36000
2004	335	3.46	-19.8	-10.16	0	2.12	145.01	36000
2004	336	3.54	-18	-9.56	0	1.96	139.61	36000
2004	337	1.55	-15.28	-7.72	0	1.73	112.28	36000
2004	338	-1.41	-19.59	-10.78	0	1.8	144.7	36000
2004	339	1.24	-21.66	-11.92	0	1.89	136.52	36000
2004	340	-2.46	-21.49	-12.47	0	1.42	93.54	34200
2004	341	-3.56	-20.79	-12.8	0	1.62	140.04	34200
2004	342	-1.48	-22.08	-12.76	0	1.99	143.25	32400
2004	343	0.13	-20.92	-10.91	0	2.11	125.32	32400
2004	344	-0.88	-22.21	-11.74	0	1.91	134.86	32400
2004	345	-0.28	-20.79	-11.53	0	1.42	104.76	32400
2004	346	-0.81	-19.25	-11.75	0	1.59	144.25	32400
2004	347	3.37	-21.19	-10.92	0	2.1	134.2	32400
2004	348	3.92	-19.08	-8.25	0	2.17	120.79	32400
2004	349	3.77	-16.75	-8.07	0	2.01	104.02	32400
2004	350	2.67	-19.03	-10.47	0	2.03	136.27	32400
2004	351	1.53	-20.1	-11.19	0	1.87	109.82	32400
2004	352	0.95	-19.28	-9.8	0	1.91	114.91	32400
2004	353	2.53	-21.09	-8.76	0	2.21	138.22	32400
2004	354	-0.06	-16.49	-8.37	0	1.65	69.73	32400
2004	355	0.39	-16.27	-8.74	0	1.42	95.95	32400
2004	356	0.49	-15.88	-7.55	0	1.14	114.96	32400
2004	357	-6.3	-18.78	-10.98	0.9	0.3	49.49	32400
2004	358	-4.59	-19.32	-12.08	0.3	0.62	114.29	32400
2004	359	-2.42	-21.9	-14.65	0.2	0.89	125.79	32400
2004	360	-3.53	-21.73	-12.05	0	0.96	124.43	32400
2004	361	-9.45	-20.98	-13.97	1.2	0.29	100.84	32400
2004	362	-10.14	-23.37	-17.09	0.3	0.45	131.85	32400
2004	363	-7.17	-27.12	-16.49	0	0.87	123.72	32400
2004	364	-8.71	-25.45	-15.29	0	0.94	98.53	32400
2004	365	-11.73	-33.62	-23.27	0	0.65	144.55	32400
2005	1	-0.19	-23.26	-13.41	0.1	1.53	138.77	32400
2005	2	3.81	-19.59	-8.95	0	2.06	120.84	32400
2005	3	0.08	-14.64	-7.79	0	1.58	109.75	32400
2005	4	-1.76	-19.4	-10.03	0	1.35	93.51	32400
2005	5	1.75	-20.66	-8.38	0	2.2	132.72	34200
2005	6	-0.7	-17.6	-9.56	0	1.73	97.88	34200
2005	7	-5.71	-18.16	-12.49	0	0.64	88.62	36000
2005	8	-5.71	-22.68	-14.14	1.4	0.66	109.78	36000
2005	9	-4.69	-26.39	-16.84	0	0.99	151.59	36000
2005	10	-5.65	-26.89	-17.64	0	0.86	144.76	36000
2005	11	-7.25	-25.21	-17.11	0	0.77	114.23	36000
2005	12	-5.78	-23.8	-15.77	0	0.77	132.85	36000
2005	13	-6.44	-21.12	-14.76	0	1.11	144.16	36000
2005	14	-4.28	-23.22	-15.81	0	1.13	154.74	36000
2005	15	-1.97	-24.53	-14.53	0	1.53	150.73	36000
2005	16	-0.46	-23.39	-12.9	0	1.79	151.81	36000
2005	17	-2.76	-23.98	-14.56	0	1.43	149.05	36000
2005	18	-4.62	-25.76	-16.99	0	1.08	152.07	36000
2005	19	-4.75	-24.57	-15.68	0	1.06	143.62	36000
2005	20	-5.31	-20.58	-13.77	0.2	0.78	141.06	36000
2005	21	-3.92	-22.57	-14.91	0	0.96	144.02	36000
2005	22	-2.31	-23.35	-12.39	0	1.62	128.51	36000
2005	23	-5.73	-15.58	-10.76	0	0.87	122.35	36000
2005	24	-2.38	-22.54	-13.97	0	0.63	115.15	36000
2005	25	-0.36	-19.66	-10.07	0.4	1.78	149.31	36000
2005	26	-1.18	-17.41	-8.93	0	1.46	124.5	36000
2005	27	-0.21	-21.44	-10.42	0	2.1	158.73	36000
2005	28	1.46	-18.51	-9.33	0	2.56	156.01	36000
2005	29	-0.9	-17.57	-8.82	0	2.36	116.8	36000
2005	30	-1.17	-19.25	-9.95	0	2.25	171.22	36000
2005	31	-0.32	-23.61	-10.85	0	2.24	158.8	36000
2005	32	0.42	-17.76	-8.66	0	2.7	156.74	36000
2005	33	-0.16	-24.32	-13.13	0	1.92	155.01	36000
2005	34	3.35	-18.4	-7.8	0	3.22	161.96	36000
2005	35	3.66	-16.69	-7.11	0	3.23	144.67	36000
2005	36	3.6	-16.22	-6.76	0	2.95	175.92	36000
2005	37	-2.29	-13.68	-8.14	0	1.62	116.69	36000
2005	38	-2.46	-22.27	-12.02	0	1.27	84.8	36000
2005	39	0.45	-19.76	-9.67	0	1.92	112.37	36000
2005	40	-3.72	-20.04	-11.01	1	0.92	159.53	36000
2005	41	1.8	-19.9	-9.91	0	1.93	164.15	36000
2005	42	0.24	-19.36	-9.79	0	1.76	130	36000
2005	43	0.5	-23.78	-11.74	0	1.82	177.41	36000
2005	44	2.94	-15.83	-6.9	0	3.07	171.09	39600
2005	45	-1.39	-13.4	-7.35	0	1.85	126.84	39600
2005	46	-5.85	-22.45	-12.55	1.1	0.58	161.71	39600
2005	47	-7.2	-21.68	-13.07	0	0.49	97.06	39600
2005	48	-9.08	-22.28	-14.07	0	0.35	193.06	39600
2005	49	-9.05	-28.21	-18.56	0.5	0.4	203.27	39600
2005	50	-6.66	-29.11	-18.49	1.2	0.7	209.44	39600
2005	51	-4.55	-27.78	-17.17	0.7	1.09	219.9	39600
2005	52	-1.83	-25.7	-13.78	0.4	1.71	211.41	39600
2005	53	3.21	-16.33	-6.84	0	3.06	218.56	39600
2005	54	2.21	-16.93	-6.14	0	3.29	212.6	39600
2005	55	-0.61	-13.42	-6.12	0	2.23	124.95	39600
2005	56	1.67	-19.14	-7.76	0	1.46	216.1	39600
2005	57	-1.57	-16.16	-7.81	1.2	1.09	168.96	39600
2005	58	-1.55	-17.59	-10.12	0	1.29	182.04	39600
2005	59	-1.03	-20.08	-10.4	0	1.78	213.42	39600
2005	60	-5.37	-17	-11.3	0	0.78	102.86	39600
2005	61	-6.79	-21.55	-13.92	0.2	1.09	212.13	39600
2005	62	-7.6	-21.72	-14.5	0	1.26	244.79	39600
2005	63	-1.8	-19.49	-12.33	0	1.8	244.59	39600
2005	64	0.14	-24.08	-12.48	0	2.08	246.78	39600
2005	65	2.27	-20.87	-8.99	0	2.26	247.13	39600
2005	66	5.4	-19.46	-7.15	0	3.11	255.32	39600
2005	67	4.63	-13.6	-3.76	0	3.46	224.36	39600
2005	68	5.52	-16.62	-4.8	0	3.24	219.05	41400
2005	69	5.04	-14.53	-4.56	0	2.83	172.75	43200
2005	70	2.92	-13.75	-5.27	0	2.08	196	43200
2005	71	2.4	-13.56	-4.45	0	2.44	200.03	43200
2005	72	1.33	-12.42	-4.34	0	1.56	124.38	43200
2005	73	5.96	-8.8	-2.04	0	2.35	136.99	43200
2005	74	-1.11	-8.43	-4.03	2.9	0.45	141.4	43200
2005	75	-0.6	-9.32	-5.88	9	0.43	156.45	43200
2005	76	-1.44	-16.49	-6.9	0.7	0.74	257.72	43200
2005	77	1.26	-12.57	-4.54	0.1	0.82	233.31	43200
2005	78	5.47	-7.32	-0.8	0	1.29	223.51	43200
2005	79	3.16	-4.25	-1.44	3.6	1.03	215.11	43200
2005	80	1.62	-7.7	-3.22	0.8	1.75	235.36	43200
2005	81	-1.2	-6.97	-5.1	0.8	0.64	172.79	43200
2005	82	-1.66	-9.99	-5.93	0.3	1	222.64	43200
2005	83	0.21	-8.99	-5.05	0	1.18	253.21	43200
2005	84	3.81	-10.42	-3.64	0	1.53	240.46	43200
2005	85	2.63	-7.38	-2.95	2.1	0.78	210.7	43200
2005	86	2.47	-5.7	-2.81	3.9	0.75	205.22	43200
2005	87	2.62	-5.28	-1.85	5.3	0.79	230.84	43200
2005	88	3.7	-4.79	-0.99	0.1	1.35	206.55	43200
2005	89	6.26	-8.66	-1.7	0	1.65	244.3	43200
2005	90	2.71	-11.07	-3.46	1	1.72	192.97	43200
2005	91	0.57	-8.18	-4.17	1	0.84	154.38	43200
2005	92	2.85	-11.69	-3.64	3.3	1.85	318.92	43200
2005	93	6.3	-10.41	-2.28	0	3.02	298.94	46800
2005	94	7.16	-10.71	-1.91	0	3.17	267.59	46800
2005	95	10.09	-7.02	1.77	0	4.97	267.54	46800
2005	96	13.83	-5.51	3.66	0	5.28	261.65	46800
2005	97	10.34	-4.9	2.6	0	3.43	194.35	46800
2005	98	2.24	-8.26	-3.19	0	1.57	67.01	46800
2005	99	1.01	-12.37	-5.22	0.3	1.62	235.58	46800
2005	100	-4.16	-8.88	-5.96	0.5	0.54	95.32	46800
2005	101	-5.32	-11.74	-8.39	1.3	0.72	160.99	46800
2005	102	-0.59	-15.14	-7.73	0	1.77	312.18	46800
2005	103	2.78	-12.89	-4.57	0	2.52	251.5	46800
2005	104	3.3	-12.76	-2.68	0.1	2.61	276.22	46800
2005	105	6.67	-11.58	-1.59	0	3.6	312	46800
2005	106	3.43	-6.65	-2.37	0.9	1.48	189.2	46800
2005	107	5.56	-6.77	-0.99	0.6	2.39	258.89	46800
2005	108	6.86	-4.51	-0.09	0	3.13	216.97	46800
2005	109	7.61	-8.21	-0.24	0	4.4	317.15	46800
2005	110	13.73	-6.68	3.12	0	6.05	328.41	46800
2005	111	12.85	-7.36	4.44	0	6.52	329.15	46800
2005	112	9.21	-5.79	2.76	0	4.97	219.54	46800
2005	113	7.15	-6.88	0.58	0	3.16	278.77	46800
2005	114	7.83	-6.8	0.69	0	3.87	259.12	46800
2005	115	12.12	-9.14	2.08	0	5.09	292.84	46800
2005	116	11.75	-4.25	4.45	0	5.96	309.23	46800
2005	117	15.61	-6.81	4.54	0	5.87	292.67	46800
2005	118	13.53	-4.37	5.48	0	5.36	226.03	48600
2005	119	13.68	-4.48	5.52	0	5.35	221.43	50400
2005	120	10.21	-2.4	3.99	0	2.51	174.91	50400
2005	121	12.4	-5.08	1.96	1.6	1.95	218.5	50400
2005	122	13.02	-4.17	4.22	0.1	3.81	291.86	50400
2005	123	14.25	-3.31	3.98	0.4	2.98	196.16	50400
2005	124	12.71	-4.4	2.17	0.1	2.06	167.17	50400
2005	125	8.18	-12.8	-0.2	0.2	4.12	365.44	50400
2005	126	14.17	-9.46	3.57	0	6.31	320.52	50400
2005	127	12.44	-4.16	5.03	0	6.91	344.88	50400
2005	128	14.71	-6.67	4.14	0	5.01	281.79	50400
2005	129	12	-0.96	5.3	0.6	4.88	216.71	50400
2005	130	14.57	-5.05	4.6	0	5.63	300.22	50400
2005	131	15.74	-5.88	5.33	0.1	5.61	312.36	50400
2005	132	12.28	-1.9	4.69	0	4.48	188.43	50400
2005	133	12.07	-2.94	5.08	0	3.84	227.42	50400
2005	134	12.58	-3.71	4.21	5.9	2.32	188.07	50400
2005	135	13.52	-0.52	6.14	2.3	4.05	320.59	50400
2005	136	6.37	-1.96	1.28	9.5	1.83	246.37	50400
2005	137	4.35	-4.64	-0.07	2.5	0.79	122.14	50400
2005	138	6.55	-1.59	0.94	1.1	0.67	149.03	50400
2005	139	9.52	-3.05	2.98	1.7	2.94	304.17	50400
2005	140	8.06	-5.23	1.71	1.4	2.26	228.12	50400
2005	141	10.77	-7.07	2.55	0.1	3.06	292.17	50400
2005	142	4.08	-0.84	1.15	16.4	0.7	171.23	50400
2005	143	8.84	-3.42	2.28	0.4	2.19	263.18	50400
2005	144	10.66	-5.06	3.19	0.1	3.78	298.04	50400
2005	145	12.21	-3.95	3.35	2.8	2.76	243.89	50400
2005	146	13.95	-1.66	4.63	0.5	2.91	287.45	50400
2005	147	13.99	-2.45	5.47	1.4	3.37	234.53	50400
2005	148	15.33	0.47	7.57	0.3	3.88	263.6	50400
2005	149	14.81	-4.53	5.59	0	3.97	284.05	50400
2005	150	15.87	-1.3	7.37	0.2	3.8	257.02	50400
2005	151	14.09	1.28	8.28	0	5.87	338.55	50400
2005	152	15.5	-4.41	6.97	0	5.87	328.86	50400
2005	153	15.75	0.11	7.21	0	4.55	237.12	50400
2005	154	17.24	-1.54	7.52	0.1	4.63	250.82	50400
2005	155	8.06	-0.86	3.96	2.9	0.84	107.71	50400
2005	156	14.68	1.77	7.11	0	4.82	338.95	52200
2005	157	15.48	-4.38	5.23	0	4.53	259.92	54000
2005	158	17.62	-3.89	7.23	0	5.85	327.63	54000
2005	159	8.1	0.02	4.35	5.5	1.73	168.14	54000
2005	160	14.84	-2.05	6.46	5.4	4.57	330.27	54000
2005	161	12.65	0.67	6.02	1	1.94	227.4	54000
2005	162	14.61	-1.15	5.53	2	2.66	262.83	54000
2005	163	15.88	-1.02	7.2	0	3.61	257.37	54000
2005	164	16.47	-0.04	6.78	2.7	2.88	234.51	54000
2005	165	16.61	0.23	8.2	0.1	3.21	248.69	54000
2005	166	13.18	3.49	7.21	2.6	1.96	140.51	54000
2005	167	14.62	-0.5	7.33	0.1	3.68	276.71	54000
2005	168	12.13	0.07	6.12	7.5	2.23	146.12	54000
2005	169	14.39	-1.4	6.57	0.7	3.42	284.88	54000
2005	170	15.18	-0.16	8.6	0	4.58	223.47	54000
2005	171	15.98	2.13	7.32	2.3	2.85	143.47	54000
2005	172	14.95	0	8.37	1.5	2.87	313.34	54000
2005	173	18.13	-0.29	9.55	7.4	4.46	322.47	54000
2005	174	14.84	4.56	8.21	16.1	1.66	163.65	54000
2005	175	14.91	3.15	8.06	8.6	3.63	223.16	54000
2005	176	14.87	0.93	7.71	0.8	4.54	364.08	54000
2005	177	16.82	-2.72	7.99	0	4.93	307.67	54000
2005	178	12.98	1.27	7.05	6.2	2.71	237.36	54000
2005	179	16.38	-0.07	8	3.4	4.4	323.63	54000
2005	180	19.04	0.49	9.65	0	4.49	312.76	54000
2005	181	14.85	4.8	9.92	0.9	2.07	146.79	54000
2005	182	8.28	3.28	6.04	7.8	0.5	60.68	54000
2005	183	16.42	2.75	8.85	0.5	3.11	266.58	54000
2005	184	15.64	4.94	9.57	1.1	2.32	196.49	54000
2005	185	9.04	6.08	7.28	11.4	0.84	51.92	54000
2005	186	17.53	1.3	9.71	3.5	2.52	253.2	54000
2005	187	18.64	8.34	12.62	1.8	3.19	219.21	52200
2005	188	12.27	8.44	10.13	8.2	0.94	55.87	50400
2005	189	14.29	7.47	10.28	1.4	2.25	155.81	50400
2005	190	7.78	4.52	5.93	15.6	0.64	67.24	50400
2005	191	15.54	-0.24	7.57	0.1	3.74	328.52	50400
2005	192	17.02	-1.18	8.34	0	4.69	359.47	50400
2005	193	18.75	0.58	9.81	0	5.16	344.11	50400
2005	194	18.86	2.29	10.78	0	4.76	284.38	50400
2005	195	20.39	2.67	11.6	0.3	5.49	328.57	50400
2005	196	20.69	1.39	10.5	0	4.99	306.78	50400
2005	197	21.54	0.67	11.62	0.1	6.21	372.68	50400
2005	198	21.16	4.69	13.28	0	6.27	286.57	50400
2005	199	18.11	9	13.15	0.3	3.88	261.62	50400
2005	200	9.12	3.55	6.86	11.1	0.79	67.58	50400
2005	201	8.35	-1.14	3.79	4.9	0.76	113.27	50400
2005	202	18.21	-3.23	7.53	0.1	5.25	361.3	50400
2005	203	15.25	2.05	9.05	0.1	3.16	180.96	50400
2005	204	17.26	2.68	10.21	0.2	3.25	288.78	50400
2005	205	21.03	1.84	11.51	1.4	4.83	344.41	50400
2005	206	22.14	2.51	13.12	0	6.5	310.55	50400
2005	207	13.54	6.43	10.12	28.9	1.19	81.41	50400
2005	208	18.81	6.14	11.83	0.1	2.69	257.66	50400
2005	209	18.39	9.07	12.13	9.9	2.43	210	50400
2005	210	16.81	8.64	10.8	8.2	1.48	148.94	50400
2005	211	15.69	6.85	10.5	5.2	1.64	138.7	50400
2005	212	19.82	2.54	10.78	0.2	3.25	299.15	50400
2005	213	16	6.59	10.83	1.1	1.96	163.35	50400
2005	214	17.79	2.37	10.85	0	5.66	299.83	50400
2005	215	19.82	0.39	10.12	0	6.05	321.26	50400
2005	216	17.09	1.62	8.46	2.4	2.8	204.33	50400
2005	217	9.07	6.09	7.21	14.9	0.63	84.49	50400
2005	218	18.36	4.38	10.65	0	3.55	223.97	50400
2005	219	18.75	5.07	12.38	0	4.81	314.51	50400
2005	220	19.98	5.32	13.07	0.4	4.36	315.18	50400
2005	221	20.61	8.78	13.4	0.2	3.96	261.72	50400
2005	222	15.62	7.37	11.75	1.2	2.19	113.44	50400
2005	223	18.06	7.19	11.26	12.1	3.08	204.43	50400
2005	224	20.19	4.37	11.88	0	4.07	327.46	50400
2005	225	22.45	4.4	13.4	0	5.56	318.2	48600
2005	226	13.51	6.27	9.92	13.2	1.72	41.79	46800
2005	227	9.28	5.88	7.13	16.9	0.41	87.71	46800
2005	228	13.67	4.93	7.87	3	1.58	195.75	46800
2005	229	18.14	1.06	9.24	4.3	3.28	279.53	46800
2005	230	16.38	2.81	9.21	0	2.48	163.64	46800
2005	231	14.14	2.7	8.58	1.9	1.82	136.66	46800
2005	232	14.66	0.69	8.17	0	3.81	214.07	46800
2005	233	10.59	2.02	5.97	12.9	1.04	97.65	46800
2005	234	15.09	0.43	7.79	2.1	3.35	293.49	46800
2005	235	17.18	-0.56	7.33	0.1	3.39	324.83	46800
2005	236	17.08	-1.39	6.96	2.5	2.83	269.6	46800
2005	237	16.46	0.52	6.89	0	2.24	237.16	46800
2005	238	15.72	-2.08	6.3	0.3	1.83	246.45	46800
2005	239	12.99	1.66	8.31	0.2	2.01	135.39	46800
2005	240	17.49	1.06	9.02	0.3	3.28	218.54	46800
2005	241	18.28	-0.66	9.22	0	4.03	296.11	46800
2005	242	14.88	4.31	9.48	1.8	1.65	142.69	46800
2005	243	18.25	2.49	9.55	2.2	3.27	286.17	46800
2005	244	13.1	6.11	8.2	4.6	1.13	107.91	46800
2005	245	16.66	1.76	8.59	1.5	2.82	227.32	46800
2005	246	9.96	-0.16	5.6	0.5	0.85	96.23	46800
2005	247	12.53	2.42	6.63	0.7	1.92	187.77	46800
2005	248	11.16	-0.69	4.54	0.4	1.74	154.03	46800
2005	249	12.76	-4.15	3.87	5.4	2.48	211.62	46800
2005	250	13.1	-3.17	4.51	0	3.59	258.23	46800
2005	251	16.87	-6.29	5.68	0	4.65	296.63	43200
2005	252	19.32	-3.03	7.79	0	5.25	260.67	43200
2005	253	17.39	-0.34	8.77	0	4.89	230.94	43200
2005	254	8.55	2.98	6.58	6.1	1.7	24.17	43200
2005	255	9.74	0.21	3.59	16.7	0.99	145.7	43200
2005	256	13.43	2.67	7.04	0	2.39	234.54	43200
2005	257	11.56	2.76	7.31	0	1.68	122.34	43200
2005	258	13.62	1.76	6.42	12.7	1.92	197.81	43200
2005	259	12.05	0	5.21	0.3	2.36	227.4	43200
2005	260	14.69	-0.86	6.48	0	3.8	245.35	43200
2005	261	15.14	-3.38	6.56	0	4.4	183.43	43200
2005	262	13.49	-0.34	6.3	5.2	1.91	153.25	43200
2005	263	13.18	0.77	6.02	7.4	3.07	244.46	43200
2005	264	14.06	-2.84	5.31	0	3.33	233.46	43200
2005	265	13.45	-2.53	4.49	2.1	2.46	213.89	43200
2005	266	14.44	-0.66	6.12	0.1	3.48	230.02	43200
2005	267	9.9	0.5	4.21	10.1	0.91	122.6	43200
2005	268	13.31	-3.9	4.58	4.1	2.31	215.32	43200
2005	269	11.81	2.55	5.65	1.7	1.78	159.6	43200
2005	270	8.56	4.4	5.96	1.4	0.87	53.59	43200
2005	271	8.94	4.34	5.94	8.1	0.38	43.98	43200
2005	272	8.96	0.21	3.88	11.4	0.75	82.13	43200
2005	273	7.9	-0.15	2.9	10	0.72	97.68	43200
2005	274	3.26	-0.01	1.79	4	0.18	46.2	43200
2005	275	5.39	-2.53	0.17	11.7	0.47	115.65	41400
2005	276	7.9	-0.45	2.22	0.6	1.1	155.78	39600
2005	277	10.7	-5.89	1.38	0.1	1.61	179.81	39600
2005	278	11.76	-5.09	1.37	1	1.64	139.86	39600
2005	279	7.81	-6.4	0.73	0	2.13	202.82	39600
2005	280	8.21	-7.29	-0.81	0	1.95	171.79	39600
2005	281	10.71	-8.01	-0.21	0.1	2.45	221.26	39600
2005	282	12.4	-7.16	1.31	0.1	3.63	233.68	39600
2005	283	8.78	-8.01	0.02	0.6	1.86	113.43	39600
2005	284	10.72	-6.91	2.27	0	2.92	212.1	39600
2005	285	5.98	-4.43	0.73	1.5	0.99	96.31	39600
2005	286	7.69	-7.3	-0.64	0.1	1.99	170.66	39600
2005	287	6.24	-9.94	-1.79	0	1.62	148.91	39600
2005	288	6.53	-9.8	-1.82	0	2.28	177.8	39600
2005	289	10.46	-9.4	-0.61	0	3.27	221.87	39600
2005	290	8.65	-7.8	0.47	0	2.48	188.99	39600
2005	291	7.17	-2.93	1.24	0	2.08	133.55	39600
2005	292	3.25	-5	-0.94	3	0.51	46.79	39600
2005	293	1.48	-12.08	-3.43	5	0.89	149.28	39600
2005	294	2.81	-9.6	-2.42	1.2	1.2	124.01	39600
2005	295	2.03	-9.28	-3.27	0	2.06	213.32	39600
2005	296	6.74	-10.01	-2.98	0	3.09	213.76	39600
2005	297	8.49	-13.42	-3.73	0	3.29	209.14	39600
2005	298	8.75	-12.77	-2.86	0	3.09	199.14	39600
2005	299	0.08	-11.59	-4.31	0.2	1.22	82.67	39600
2005	300	1.87	-12.07	-4.43	2.3	1.55	164.86	39600
2005	301	0.69	-9.76	-5	1.8	1.4	146.67	36000
2005	302	3.68	-15.01	-6.4	0	2.1	201.33	36000
2005	303	5.85	-14.59	-5.12	0	2.45	194.43	36000
2005	304	5.74	-9.6	-3	0	2.2	159.03	36000
2005	305	5.7	-11.64	-4.06	0	2.5	194.01	36000
2005	306	5.78	-13.56	-4.65	0	2.41	168.07	36000
2005	307	6.07	-11.01	-2.79	0	3.06	187.99	36000
2005	308	7.2	-12.23	-3.25	0	2.61	160.45	36000
2005	309	4.52	-10.55	-4.47	0	2.56	176.44	36000
2005	310	2.57	-11.49	-4.11	0	2.95	127.31	36000
2005	311	5.71	-15.07	-4.79	0	3.32	182.6	36000
2005	312	6.5	-13.35	-4.34	0	3.13	156.73	36000
2005	313	6.46	-14.67	-5.38	0	2.88	154.12	36000
2005	314	5.59	-14.18	-6.34	0	1.97	139.84	36000
2005	315	6.9	-13.28	-4.13	0	2.75	148.78	36000
2005	316	6.05	-13.53	-4.24	0	2.49	150.73	36000
2005	317	0.31	-11.89	-6.19	3	0.79	146.54	36000
2005	318	-0.04	-13.85	-5.63	0.1	0.86	128.98	36000
2005	319	-2.04	-15.74	-7.46	2.2	0.9	147	36000
2005	320	-2.01	-18.43	-8.45	0.1	1.1	148.61	36000
2005	321	-4.89	-14.04	-8.91	0	0.69	76.02	36000
2005	322	-6.59	-17.01	-11.16	1.2	0.48	122.33	36000
2005	323	-2.92	-20.93	-12.71	0	1	163.95	36000
2005	324	-1.87	-19.49	-11.56	0	1.06	152.15	36000
2005	325	-3.07	-19.23	-11.41	0	0.91	142.76	36000
2005	326	-9.03	-22.81	-14.2	0	0.83	144.49	36000
2005	327	-5.17	-25.99	-16.63	0	1.11	158.35	36000
2005	328	-3.2	-22.15	-14.31	0	1.4	157.47	36000
2005	329	-0.85	-20.76	-10.79	0	1.76	145.71	36000
2005	330	0	-19.27	-10.31	0	1.72	143.39	36000
2005	331	0.49	-18.94	-10.31	0	1.61	136.1	36000
2005	332	-4.17	-20.74	-13.71	0	1.27	150.27	36000
2005	333	-3.03	-23.66	-14.93	0	1.38	151.25	36000
2005	334	-2.6	-24	-14.22	0	1.53	147.43	36000
2005	335	-2.4	-23.37	-14.24	0	1.3	152.9	36000
2005	336	-0.56	-20.75	-10.44	0	2.36	149.06	36000
2005	337	-6.87	-18.79	-13.46	0	1.47	147.23	36000
2005	338	-3.75	-25.17	-14.06	0	1.63	124.18	34200
2005	339	-1.86	-23.21	-13.47	0	1.55	124.32	34200
2005	340	-3.02	-21.95	-11.99	0	1.67	135.04	32400
2005	341	-1.63	-18.98	-11.67	0	1.61	127.43	32400
2005	342	-0.19	-21.41	-12.9	0	1.56	136.9	32400
2005	343	-0.2	-22.13	-12.15	0	1.55	136.3	32400
2005	344	-7.32	-21.32	-13.91	0	0.7	98.97	32400
2005	345	-7.51	-24.72	-14.24	0.2	0.63	104.92	32400
2005	346	-3.08	-16.68	-9.91	0	1.89	100.09	32400
2005	347	-4.34	-22.12	-13.27	0	1.39	91.31	32400
2005	348	-5.56	-26.21	-17.02	0	1.23	138.43	32400
2005	349	-0.85	-24.69	-14.31	0	1.78	137.41	32400
2005	350	-1.85	-24.78	-14.7	0	1.57	137.08	32400
2005	351	-2.15	-23.95	-15.5	0	1.34	134.92	32400
2005	352	-1.88	-22.69	-13.73	0	1.64	135.23	32400
2005	353	-2.05	-25.49	-15.15	0	1.42	121.9	32400
2005	354	-10.06	-22.72	-17.09	0	0.97	137.11	32400
2005	355	-5.38	-24.42	-15.95	0	1.54	136.63	32400
2005	356	-1.74	-26.54	-16.42	0	1.59	135.69	32400
2005	357	-0.44	-23.42	-13.91	0	1.75	131.32	32400
2005	358	-1.19	-22.79	-12.66	0	1.6	96.89	32400
2005	359	-2.13	-22.41	-12.93	0	1.48	132.96	32400
2005	360	-2.12	-21.73	-13.56	0	1.76	135.31	32400
2005	361	0.03	-22.32	-12.94	0	1.99	134.67	32400
2005	362	1.94	-20.29	-10.95	0	2.28	134.61	32400
2005	363	-1.25	-20.24	-11.75	0	1.87	108.04	32400
2005	364	0.18	-16.7	-8.44	0	1.59	107.71	32400
2005	365	-1.26	-19.91	-11.55	0	1.18	119.95	32400
