       plotID    soilWater     soilSnow          LAI         vegC        litrC        soilC       totalC    leafC_sum    leafC_max        leafC        stemC       crootC         cwdc    FSM_soilw     FSM_icew    FSM_snoww
       123   184.32022095	   0.00000000	   1.99113381	   0.21842118	   0.25202632	  18.16494751	  18.63539505	   0.03301645	   0.00000000	   0.00000000	   0.05851853	   0.01755556	   0.03888733	   0.01324839	   0.07397965	   0.04772674	   0.07818424	   0.04338033	   0.16093805	   2.31068802	  15.64994144	
       123   184.30760193	   0.00000000	   0.79647607	   0.17345247	   0.20615974	  18.10143280	  18.48104477	   0.01313960	   0.00000000	   0.00000000	   0.06314118	   0.01894235	   0.03797161	   0.00329617	   0.04190433	   0.04609158	   0.07689604	   0.02213771	   0.16172665	   2.27137995	  15.64618778	
       123   184.01437378	   0.00000000	   0.32980102	   0.15873967	   0.15808804	  18.01033020	  18.32715797	   0.00623097	   0.00000000	   0.00000000	   0.06463249	   0.01938975	   0.03713885	   0.00247612	   0.02267432	   0.03565102	   0.06014773	   0.00911181	   0.13339198	   2.22641230	  15.64141369	
       plotID    soilWater     soilSnow          LAI         vegC        litrC        soilC       totalC    leafC_sum    leafC_max        leafC        stemC       crootC         cwdc    FSM_soilw     FSM_icew    FSM_snoww
       123   184.32022095	   0.00000000	   1.99113381	   0.21842118	   0.25202632	  18.16494751	  18.63539505	   0.03301645	   0.00000000	   0.00000000	   0.05851853	   0.01755556	   0.03888733	   0.01324839	   0.07397965	   0.04772674	   0.07818424	   0.04338033	   0.16093805	   2.31068802	  15.64994144	
       123   184.30760193	   0.00000000	   0.79647607	   0.17345247	   0.20615974	  18.10143280	  18.48104477	   0.01313960	   0.00000000	   0.00000000	   0.06314118	   0.01894235	   0.03797161	   0.00329617	   0.04190433	   0.04609158	   0.07689604	   0.02213771	   0.16172665	   2.27137995	  15.64618778	
       123   184.01437378	   0.00000000	   0.32980102	   0.15873967	   0.15808804	  18.01033020	  18.32715797	   0.00623097	   0.00000000	   0.00000000	   0.06463249	   0.01938975	   0.03713885	   0.00247612	   0.02267432	   0.03565102	   0.06014773	   0.00911181	   0.13339198	   2.22641230	  15.64141369	
       plotID    soilWater     soilSnow          LAI         vegC        litrC        soilC       totalC    leafC_sum    leafC_max        leafC        stemC       crootC         cwdc    FSM_soilw     FSM_icew    FSM_snoww
       123   184.32022095	   0.00000000	   1.99113381	   0.21842118	   0.25202632	  18.16494751	  18.63539505	   0.03301645	   0.00000000	   0.00000000	   0.05851853	   0.01755556	   0.03888733	   0.01324839	   0.07397965	   0.04772674	   0.07818424	   0.04338033	   0.16093805	   2.31068802	  15.64994144	
       123   184.30760193	   0.00000000	   0.79647607	   0.17345247	   0.20615974	  18.10143280	  18.48104477	   0.01313960	   0.00000000	   0.00000000	   0.06314118	   0.01894235	   0.03797161	   0.00329617	   0.04190433	   0.04609158	   0.07689604	   0.02213771	   0.16172665	   2.27137995	  15.64618778	
       123   184.01437378	   0.00000000	   0.32980102	   0.15873967	   0.15808804	  18.01033020	  18.32715797	   0.00623097	   0.00000000	   0.00000000	   0.06463249	   0.01938975	   0.03713885	   0.00247612	   0.02267432	   0.03565102	   0.06014773	   0.00911181	   0.13339198	   2.22641230	  15.64141369	
