 130.97724915	   3.18384528	   0.00000000	   0.05588447	   0.00485447	   0.06995613	   0.00000000	   0.07588022	   8.00140095	   0.00000041	   0.00002634	   0.00001108	  -0.00061599	   0.00035136	   0.00030620	   0.00001882	   0.00001526	   0.00062707	   9.43927670	   0.18437125	  13.74559975	  23.36925125	   0.18312009	   0.80740470	   0.14727210	   6.64643526	
 127.87369537	   9.02834225	   0.00000000	   0.09422976	   0.00000000	   0.15627818	   0.00000000	   0.08681437	   8.08860970	   0.00000000	   0.00048970	   0.00048970	  -0.00013614	   0.00107358	   0.00043650	   0.00014738	   0.00000000	   0.00062584	   9.34507084	   0.26688626	  13.74561310	  23.35757256	   0.46405268	   0.75333637	   0.14901154	   6.62581539	
 136.47343445	   3.09093976	   1.05483878	   0.06078862	   0.00501889	   0.22857875	   0.00000000	   0.09774165	   8.35911179	  -0.00000003	   0.00069108	   0.00069036	   0.00006505	   0.00148596	   0.00058849	   0.00020640	   0.00000072	   0.00062531	   9.26237869	   0.34918106	  13.74561501	  23.35717392	   0.65892291	   0.70580477	   0.15404809	   6.60748816	
 136.97413635	   0.14998405	   2.20617557	   0.00334929	   0.00100735	   0.36842346	   0.00000000	   0.10902980	   8.69495487	  -0.00000118	   0.00074400	   0.00069819	   0.00007323	   0.00181149	   0.00084514	   0.00022235	   0.00004581	   0.00062496	   9.18085194	   0.43333581	  13.74589920	  23.36009026	   0.81500238	   0.65899920	   0.16023983	   6.58936167	
 120.80064392	   0.00000000	   2.28864932	   0.00000000	   0.00024181	   0.63736695	   0.00000000	   0.12008652	   8.98367596	  -0.00000290	   0.00060650	  -0.00072143	  -0.00134447	   0.00216090	   0.00137323	   0.00018117	   0.00132793	   0.00062304	   9.09744358	   0.49530551	  13.75219154	  23.34493446	   0.86225265	   0.61106306	   0.16550179	   6.57084656	
 102.29086304	   0.00000000	   1.56666648	   0.00000000	   0.00010969	   0.90633768	   0.00000000	   0.13040237	   9.26823711	   0.00000191	   0.00080929	  -0.00238521	  -0.00300193	   0.00284173	   0.00179037	   0.00024207	   0.00319450	   0.00061672	   9.01506710	   0.48847753	  13.77499390	  23.27853775	   0.86920065	   0.56374317	   0.17079903	   6.55255222	
  80.18837738	   0.00000000	   3.17321229	   0.00000000	   0.00003859	   0.71944839	   0.00000000	   0.13983890	   9.83123875	   0.00005834	   0.00187712	  -0.00312468	  -0.00373144	   0.00469768	   0.00225809	   0.00056247	   0.00500180	   0.00060676	   8.95008755	   0.40821242	  13.80700779	  23.16530800	   0.82918000	   0.52681953	   0.18150462	   6.53790092	
  57.36789703	   0.00000000	   3.30645132	   0.00000000	   0.00002333	   0.83054811	   0.00000000	   0.14858900	  10.94028378	   0.00012754	   0.00229473	  -0.00211570	  -0.00271620	   0.00545353	   0.00247099	   0.00068781	   0.00441044	   0.00060050	   8.91438961	   0.35447434	  13.79692173	  23.06578636	   0.82353789	   0.50742978	   0.20204592	   6.52935839	
  33.49902725	   0.00000000	   2.81666660	   0.00000000	   0.00001489	   0.81825572	   0.00000000	   0.15719230	  12.13142490	   0.00009405	   0.00252602	  -0.00080081	  -0.00139818	   0.00525849	   0.00197523	   0.00075725	   0.00332683	   0.00059737	   8.88561153	   0.34160411	  13.77727890	  23.00449753	   0.87053657	   0.49214208	   0.22403686	   6.52228546	
   9.19572353	   0.00000000	   1.33548379	   0.00000000	   0.00001021	   0.67738283	   0.00000000	   0.16648138	  13.37232399	   0.00004349	   0.00239897	   0.00028477	  -0.00031117	   0.00451190	   0.00139375	   0.00071918	   0.00211420	   0.00059594	   8.86018085	   0.35179725	  13.76902390	  22.98100281	   0.85423332	   0.47885191	   0.24682581	   6.51591778	
   0.23720780	   0.04000000	   3.56333327	   0.00000000	   0.00000048	   0.04652230	   0.00000000	   0.17690222	  14.21515083	   0.00000432	   0.00126043	   0.00078315	   0.00018779	   0.00256861	   0.00092938	   0.00037880	   0.00047728	   0.00059536	   8.81233215	   0.39812550	  13.76991844	  22.98037910	   0.73375362	   0.45216531	   0.26195788	   6.50486946	
   0.37346998	   4.49980497	   1.79999995	   0.00745752	   0.00000000	   0.13336423	   0.00000000	   0.18806492	  14.50412464	  -0.00000142	   0.00041729	   0.00037572	  -0.00021908	   0.00116876	   0.00062607	   0.00012539	   0.00004158	   0.00059480	   8.73456192	   0.47502905	  13.77134132	  22.98093033	   0.35144830	   0.40764344	   0.26699227	   6.48759031	
 130.97724915	   3.18384528	   0.00000000	   0.05588447	   0.00485447	   0.06995613	   0.00000000	   0.07588022	   8.00140095	   0.00000041	   0.00002634	   0.00001108	  -0.00061599	   0.00035136	   0.00030620	   0.00001882	   0.00001526	   0.00062707	   9.43927670	   0.18437125	  13.74559975	  23.36925125	   0.18312009	   0.80740470	   0.14727210	   6.64643526	
 127.87369537	   9.02834225	   0.00000000	   0.09422976	   0.00000000	   0.15627818	   0.00000000	   0.08681437	   8.08860970	   0.00000000	   0.00048970	   0.00048970	  -0.00013614	   0.00107358	   0.00043650	   0.00014738	   0.00000000	   0.00062584	   9.34507084	   0.26688626	  13.74561310	  23.35757256	   0.46405268	   0.75333637	   0.14901154	   6.62581539	
 136.47343445	   3.09093976	   1.05483878	   0.06078862	   0.00501889	   0.22857875	   0.00000000	   0.09774165	   8.35911179	  -0.00000003	   0.00069108	   0.00069036	   0.00006505	   0.00148596	   0.00058849	   0.00020640	   0.00000072	   0.00062531	   9.26237869	   0.34918106	  13.74561501	  23.35717392	   0.65892291	   0.70580477	   0.15404809	   6.60748816	
 136.97413635	   0.14998405	   2.20617557	   0.00334929	   0.00100735	   0.36842346	   0.00000000	   0.10902980	   8.69495487	  -0.00000118	   0.00074400	   0.00069819	   0.00007323	   0.00181149	   0.00084514	   0.00022235	   0.00004581	   0.00062496	   9.18085194	   0.43333581	  13.74589920	  23.36009026	   0.81500238	   0.65899920	   0.16023983	   6.58936167	
 120.80064392	   0.00000000	   2.28864932	   0.00000000	   0.00024181	   0.63736695	   0.00000000	   0.12008652	   8.98367596	  -0.00000290	   0.00060650	  -0.00072143	  -0.00134447	   0.00216090	   0.00137323	   0.00018117	   0.00132793	   0.00062304	   9.09744358	   0.49530551	  13.75219154	  23.34493446	   0.86225265	   0.61106306	   0.16550179	   6.57084656	
 102.29086304	   0.00000000	   1.56666648	   0.00000000	   0.00010969	   0.90633768	   0.00000000	   0.13040237	   9.26823711	   0.00000191	   0.00080929	  -0.00238521	  -0.00300193	   0.00284173	   0.00179037	   0.00024207	   0.00319450	   0.00061672	   9.01506710	   0.48847753	  13.77499390	  23.27853775	   0.86920065	   0.56374317	   0.17079903	   6.55255222	
  80.18837738	   0.00000000	   3.17321229	   0.00000000	   0.00003859	   0.71944839	   0.00000000	   0.13983890	   9.83123875	   0.00005834	   0.00187712	  -0.00312468	  -0.00373144	   0.00469768	   0.00225809	   0.00056247	   0.00500180	   0.00060676	   8.95008755	   0.40821242	  13.80700779	  23.16530800	   0.82918000	   0.52681953	   0.18150462	   6.53790092	
  57.36789703	   0.00000000	   3.30645132	   0.00000000	   0.00002333	   0.83054811	   0.00000000	   0.14858900	  10.94028378	   0.00012754	   0.00229473	  -0.00211570	  -0.00271620	   0.00545353	   0.00247099	   0.00068781	   0.00441044	   0.00060050	   8.91438961	   0.35447434	  13.79692173	  23.06578636	   0.82353789	   0.50742978	   0.20204592	   6.52935839	
  33.49902725	   0.00000000	   2.81666660	   0.00000000	   0.00001489	   0.81825572	   0.00000000	   0.15719230	  12.13142490	   0.00009405	   0.00252602	  -0.00080081	  -0.00139818	   0.00525849	   0.00197523	   0.00075725	   0.00332683	   0.00059737	   8.88561153	   0.34160411	  13.77727890	  23.00449753	   0.87053657	   0.49214208	   0.22403686	   6.52228546	
   9.19572353	   0.00000000	   1.33548379	   0.00000000	   0.00001021	   0.67738283	   0.00000000	   0.16648138	  13.37232399	   0.00004349	   0.00239897	   0.00028477	  -0.00031117	   0.00451190	   0.00139375	   0.00071918	   0.00211420	   0.00059594	   8.86018085	   0.35179725	  13.76902390	  22.98100281	   0.85423332	   0.47885191	   0.24682581	   6.51591778	
   0.23720780	   0.04000000	   3.56333327	   0.00000000	   0.00000048	   0.04652230	   0.00000000	   0.17690222	  14.21515083	   0.00000432	   0.00126043	   0.00078315	   0.00018779	   0.00256861	   0.00092938	   0.00037880	   0.00047728	   0.00059536	   8.81233215	   0.39812550	  13.76991844	  22.98037910	   0.73375362	   0.45216531	   0.26195788	   6.50486946	
   0.37346998	   4.49980497	   1.79999995	   0.00745752	   0.00000000	   0.13336423	   0.00000000	   0.18806492	  14.50412464	  -0.00000142	   0.00041729	   0.00037572	  -0.00021908	   0.00116876	   0.00062607	   0.00012539	   0.00004158	   0.00059480	   8.73456192	   0.47502905	  13.77134132	  22.98093033	   0.35144830	   0.40764344	   0.26699227	   6.48759031	
 130.97724915	   3.18384528	   0.00000000	   0.05588453	   0.00485447	   0.06995609	   0.00000000	   0.07588022	   8.00139713	   0.00000041	   0.00002633	   0.00001107	  -0.00061600	   0.00035135	   0.00030620	   0.00001882	   0.00001526	   0.00062707	   9.43927670	   0.18437125	  13.74559975	  23.36925125	   0.18308266	   0.80740458	   0.14727202	   6.64643526	
 127.87369537	   9.02832890	   0.00000000	   0.09423108	   0.00000000	   0.15627714	   0.00000000	   0.08681437	   8.08856392	   0.00000000	   0.00048952	   0.00048952	  -0.00013632	   0.00107334	   0.00043649	   0.00014732	   0.00000000	   0.00062584	   9.34506702	   0.26688626	  13.74561310	  23.35756302	   0.46350977	   0.75333464	   0.14901063	   6.62581539	
 136.47352600	   3.09090495	   1.05483878	   0.06078678	   0.00501890	   0.22857609	   0.00000000	   0.09774164	   8.35901165	  -0.00000003	   0.00069105	   0.00069032	   0.00006502	   0.00148592	   0.00058848	   0.00020639	   0.00000072	   0.00062531	   9.26237106	   0.34918106	  13.74561501	  23.35716820	   0.65812635	   0.70580131	   0.15404619	   6.60748768	
 136.97456360	   0.14998394	   2.20617557	   0.00334938	   0.00100735	   0.36840484	   0.00000000	   0.10902979	   8.69484615	  -0.00000118	   0.00074399	   0.00069818	   0.00007322	   0.00181148	   0.00084514	   0.00022235	   0.00004581	   0.00062496	   9.18084812	   0.43333575	  13.74589920	  23.36008644	   0.81532133	   0.65899563	   0.16023780	   6.58936071	
 120.80146790	   0.00000000	   2.28864956	   0.00000000	   0.00024181	   0.63735807	   0.00000000	   0.12008652	   8.98355103	  -0.00000290	   0.00060651	  -0.00072142	  -0.00134446	   0.00216090	   0.00137321	   0.00018117	   0.00132793	   0.00062304	   9.09743786	   0.49530447	  13.75219154	  23.34492874	   0.86347830	   0.61105895	   0.16549949	   6.57084513	
 102.29195404	   0.00000000	   1.56666648	   0.00000000	   0.00010969	   0.90633035	   0.00000000	   0.13040237	   9.26817608	   0.00000191	   0.00080946	  -0.00238498	  -0.00300170	   0.00284195	   0.00179037	   0.00024212	   0.00319444	   0.00061672	   9.01506424	   0.48847869	  13.77499294	  23.27853584	   0.87055290	   0.56374103	   0.17079790	   6.55255175	
  80.18954468	   0.00000000	   3.17321229	   0.00000000	   0.00003859	   0.71945018	   0.00000000	   0.13983889	   9.83125687	   0.00005834	   0.00187707	  -0.00312473	  -0.00373149	   0.00469762	   0.00225809	   0.00056246	   0.00500180	   0.00060676	   8.95008945	   0.40821597	  13.80700779	  23.16530991	   0.83000654	   0.52682024	   0.18150499	   6.53790092	
  57.36956406	   0.00000000	   3.30645132	   0.00000000	   0.00002333	   0.83050776	   0.00000000	   0.14858899	  10.93970680	   0.00012754	   0.00229370	  -0.00211675	  -0.00271725	   0.00545211	   0.00247091	   0.00068750	   0.00441046	   0.00060050	   8.91435719	   0.35447589	  13.79691982	  23.06575584	   0.82427090	   0.50740975	   0.20203497	   6.52935171	
  33.50211334	   0.00000000	   2.81666660	   0.00000000	   0.00001489	   0.81819916	   0.00000000	   0.15719230	  12.13057518	   0.00009405	   0.00252499	  -0.00080184	  -0.00139921	   0.00525707	   0.00197514	   0.00075694	   0.00332683	   0.00059737	   8.88556194	   0.34160510	  13.77727890	  23.00444794	   0.87160140	   0.49211296	   0.22402088	   6.52227640	
   9.20151901	   0.00000000	   1.33548379	   0.00000000	   0.00001021	   0.67727053	   0.00000000	   0.16648133	  13.36995697	   0.00004348	   0.00239477	   0.00028048	  -0.00031546	   0.00450628	   0.00139359	   0.00071792	   0.00211429	   0.00059593	   8.86004543	   0.35179728	  13.76902485	  22.98086166	   0.85386842	   0.47877026	   0.24678090	   6.51588869	
   0.24481465	   0.04000000	   3.56333327	   0.00000000	   0.00000048	   0.04651173	   0.00000000	   0.17690215	  14.21159172	   0.00000432	   0.00126018	   0.00078286	   0.00018751	   0.00256814	   0.00092923	   0.00037873	   0.00047732	   0.00059535	   8.81213188	   0.39811820	  13.76992416	  22.98017502	   0.73342890	   0.45204592	   0.26189229	   6.50482893	
   0.38148236	   4.49970484	   1.79999995	   0.00746453	   0.00000000	   0.13333428	   0.00000000	   0.18806480	  14.50050831	  -0.00000142	   0.00041722	   0.00037564	  -0.00021915	   0.00116855	   0.00062597	   0.00012537	   0.00004158	   0.00059479	   8.73436069	   0.47501996	  13.77134323	  22.98072624	   0.35143334	   0.40752229	   0.26692569	   6.48754978	
 130.97724915	   3.18384528	   0.00000000	   0.05588453	   0.00485447	   0.06995609	   0.00000000	   0.07588022	   8.00139713	   0.00000041	   0.00002633	   0.00001107	  -0.00061600	   0.00035135	   0.00030620	   0.00001882	   0.00001526	   0.00062707	   9.43927670	   0.18437125	  13.74559975	  23.36925125	   0.18308266	   0.80740458	   0.14727202	   6.64643526	
 127.87369537	   9.02832890	   0.00000000	   0.09423108	   0.00000000	   0.15627714	   0.00000000	   0.08681437	   8.08856392	   0.00000000	   0.00048952	   0.00048952	  -0.00013632	   0.00107334	   0.00043649	   0.00014732	   0.00000000	   0.00062584	   9.34506702	   0.26688626	  13.74561310	  23.35756302	   0.46350977	   0.75333464	   0.14901063	   6.62581539	
 136.47352600	   3.09090495	   1.05483878	   0.06078678	   0.00501890	   0.22857609	   0.00000000	   0.09774164	   8.35901165	  -0.00000003	   0.00069105	   0.00069032	   0.00006502	   0.00148592	   0.00058848	   0.00020639	   0.00000072	   0.00062531	   9.26237106	   0.34918106	  13.74561501	  23.35716820	   0.65812635	   0.70580131	   0.15404619	   6.60748768	
 136.97456360	   0.14998394	   2.20617557	   0.00334938	   0.00100735	   0.36840484	   0.00000000	   0.10902979	   8.69484615	  -0.00000118	   0.00074399	   0.00069818	   0.00007322	   0.00181148	   0.00084514	   0.00022235	   0.00004581	   0.00062496	   9.18084812	   0.43333575	  13.74589920	  23.36008644	   0.81532133	   0.65899563	   0.16023780	   6.58936071	
 120.80146790	   0.00000000	   2.28864956	   0.00000000	   0.00024181	   0.63735807	   0.00000000	   0.12008652	   8.98355103	  -0.00000290	   0.00060651	  -0.00072142	  -0.00134446	   0.00216090	   0.00137321	   0.00018117	   0.00132793	   0.00062304	   9.09743786	   0.49530447	  13.75219154	  23.34492874	   0.86347830	   0.61105895	   0.16549949	   6.57084513	
 102.29195404	   0.00000000	   1.56666648	   0.00000000	   0.00010969	   0.90633035	   0.00000000	   0.13040237	   9.26817608	   0.00000191	   0.00080946	  -0.00238498	  -0.00300170	   0.00284195	   0.00179037	   0.00024212	   0.00319444	   0.00061672	   9.01506424	   0.48847869	  13.77499294	  23.27853584	   0.87055290	   0.56374103	   0.17079790	   6.55255175	
  80.18954468	   0.00000000	   3.17321229	   0.00000000	   0.00003859	   0.71945018	   0.00000000	   0.13983889	   9.83125687	   0.00005834	   0.00187707	  -0.00312473	  -0.00373149	   0.00469762	   0.00225809	   0.00056246	   0.00500180	   0.00060676	   8.95008945	   0.40821597	  13.80700779	  23.16530991	   0.83000654	   0.52682024	   0.18150499	   6.53790092	
  57.36956406	   0.00000000	   3.30645132	   0.00000000	   0.00002333	   0.83050776	   0.00000000	   0.14858899	  10.93970680	   0.00012754	   0.00229370	  -0.00211675	  -0.00271725	   0.00545211	   0.00247091	   0.00068750	   0.00441046	   0.00060050	   8.91435719	   0.35447589	  13.79691982	  23.06575584	   0.82427090	   0.50740975	   0.20203497	   6.52935171	
  33.50211334	   0.00000000	   2.81666660	   0.00000000	   0.00001489	   0.81819916	   0.00000000	   0.15719230	  12.13057518	   0.00009405	   0.00252499	  -0.00080184	  -0.00139921	   0.00525707	   0.00197514	   0.00075694	   0.00332683	   0.00059737	   8.88556194	   0.34160510	  13.77727890	  23.00444794	   0.87160140	   0.49211296	   0.22402088	   6.52227640	
   9.20151901	   0.00000000	   1.33548379	   0.00000000	   0.00001021	   0.67727053	   0.00000000	   0.16648133	  13.36995697	   0.00004348	   0.00239477	   0.00028048	  -0.00031546	   0.00450628	   0.00139359	   0.00071792	   0.00211429	   0.00059593	   8.86004543	   0.35179728	  13.76902485	  22.98086166	   0.85386842	   0.47877026	   0.24678090	   6.51588869	
   0.24481465	   0.04000000	   3.56333327	   0.00000000	   0.00000048	   0.04651173	   0.00000000	   0.17690215	  14.21159172	   0.00000432	   0.00126018	   0.00078286	   0.00018751	   0.00256814	   0.00092923	   0.00037873	   0.00047732	   0.00059535	   8.81213188	   0.39811820	  13.76992416	  22.98017502	   0.73342890	   0.45204592	   0.26189229	   6.50482893	
   0.38148236	   4.49970484	   1.79999995	   0.00746453	   0.00000000	   0.13333428	   0.00000000	   0.18806480	  14.50050831	  -0.00000142	   0.00041722	   0.00037564	  -0.00021915	   0.00116855	   0.00062597	   0.00012537	   0.00004158	   0.00059479	   8.73436069	   0.47501996	  13.77134323	  22.98072624	   0.35143334	   0.40752229	   0.26692569	   6.48754978	
 130.97724915	   3.18384528	   0.00000000	   0.05588453	   0.00485447	   0.06995609	   0.00000000	   0.07588022	   8.00139713	   0.00000041	   0.00002633	   0.00001107	  -0.00061600	   0.00035135	   0.00030620	   0.00001882	   0.00001526	   0.00062707	   9.43927670	   0.18437125	  13.74559975	  23.36925125	   0.18308266	   0.80740458	   0.14727202	   6.64643526	
 127.87369537	   9.02832890	   0.00000000	   0.09423108	   0.00000000	   0.15627714	   0.00000000	   0.08681437	   8.08856392	   0.00000000	   0.00048952	   0.00048952	  -0.00013632	   0.00107334	   0.00043649	   0.00014732	   0.00000000	   0.00062584	   9.34506702	   0.26688626	  13.74561310	  23.35756302	   0.46350977	   0.75333464	   0.14901063	   6.62581539	
 136.47352600	   3.09090495	   1.05483878	   0.06078678	   0.00501890	   0.22857609	   0.00000000	   0.09774164	   8.35901165	  -0.00000003	   0.00069105	   0.00069032	   0.00006502	   0.00148592	   0.00058848	   0.00020639	   0.00000072	   0.00062531	   9.26237106	   0.34918106	  13.74561501	  23.35716820	   0.65812635	   0.70580131	   0.15404619	   6.60748768	
 136.97456360	   0.14998394	   2.20617557	   0.00334938	   0.00100735	   0.36840484	   0.00000000	   0.10902979	   8.69484615	  -0.00000118	   0.00074399	   0.00069818	   0.00007322	   0.00181148	   0.00084514	   0.00022235	   0.00004581	   0.00062496	   9.18084812	   0.43333575	  13.74589920	  23.36008644	   0.81532133	   0.65899563	   0.16023780	   6.58936071	
 120.80146790	   0.00000000	   2.28864956	   0.00000000	   0.00024181	   0.63735807	   0.00000000	   0.12008652	   8.98355103	  -0.00000290	   0.00060651	  -0.00072142	  -0.00134446	   0.00216090	   0.00137321	   0.00018117	   0.00132793	   0.00062304	   9.09743786	   0.49530447	  13.75219154	  23.34492874	   0.86347830	   0.61105895	   0.16549949	   6.57084513	
 102.29195404	   0.00000000	   1.56666648	   0.00000000	   0.00010969	   0.90633035	   0.00000000	   0.13040237	   9.26817608	   0.00000191	   0.00080946	  -0.00238498	  -0.00300170	   0.00284195	   0.00179037	   0.00024212	   0.00319444	   0.00061672	   9.01506424	   0.48847869	  13.77499294	  23.27853584	   0.87055290	   0.56374103	   0.17079790	   6.55255175	
  80.18954468	   0.00000000	   3.17321229	   0.00000000	   0.00003859	   0.71945018	   0.00000000	   0.13983889	   9.83125687	   0.00005834	   0.00187707	  -0.00312473	  -0.00373149	   0.00469762	   0.00225809	   0.00056246	   0.00500180	   0.00060676	   8.95008945	   0.40821597	  13.80700779	  23.16530991	   0.83000654	   0.52682024	   0.18150499	   6.53790092	
  57.36956406	   0.00000000	   3.30645132	   0.00000000	   0.00002333	   0.83050776	   0.00000000	   0.14858899	  10.93970680	   0.00012754	   0.00229370	  -0.00211675	  -0.00271725	   0.00545211	   0.00247091	   0.00068750	   0.00441046	   0.00060050	   8.91435719	   0.35447589	  13.79691982	  23.06575584	   0.82427090	   0.50740975	   0.20203497	   6.52935171	
  33.50211334	   0.00000000	   2.81666660	   0.00000000	   0.00001489	   0.81819916	   0.00000000	   0.15719230	  12.13057518	   0.00009405	   0.00252499	  -0.00080184	  -0.00139921	   0.00525707	   0.00197514	   0.00075694	   0.00332683	   0.00059737	   8.88556194	   0.34160510	  13.77727890	  23.00444794	   0.87160140	   0.49211296	   0.22402088	   6.52227640	
   9.20151901	   0.00000000	   1.33548379	   0.00000000	   0.00001021	   0.67727053	   0.00000000	   0.16648133	  13.36995697	   0.00004348	   0.00239477	   0.00028048	  -0.00031546	   0.00450628	   0.00139359	   0.00071792	   0.00211429	   0.00059593	   8.86004543	   0.35179728	  13.76902485	  22.98086166	   0.85386842	   0.47877026	   0.24678090	   6.51588869	
   0.24481465	   0.04000000	   3.56333327	   0.00000000	   0.00000048	   0.04651173	   0.00000000	   0.17690215	  14.21159172	   0.00000432	   0.00126018	   0.00078286	   0.00018751	   0.00256814	   0.00092923	   0.00037873	   0.00047732	   0.00059535	   8.81213188	   0.39811820	  13.76992416	  22.98017502	   0.73342890	   0.45204592	   0.26189229	   6.50482893	
   0.38148236	   4.49970484	   1.79999995	   0.00746453	   0.00000000	   0.13333428	   0.00000000	   0.18806480	  14.50050831	  -0.00000142	   0.00041722	   0.00037564	  -0.00021915	   0.00116855	   0.00062597	   0.00012537	   0.00004158	   0.00059479	   8.73436069	   0.47501996	  13.77134323	  22.98072624	   0.35143334	   0.40752229	   0.26692569	   6.48754978	
 130.97724915	   3.18384528	   0.00000000	   0.05588447	   0.00485447	   0.06995613	   0.00000000	   0.07588022	   8.00140095	   0.00000041	   0.00002634	   0.00001108	  -0.00061599	   0.00035136	   0.00030620	   0.00001882	   0.00001526	   0.00062707	   9.43927670	   0.18437125	  13.74559975	  23.36925125	   0.18312009	   0.80740470	   0.14727210	   6.64643526	
 127.87369537	   9.02834225	   0.00000000	   0.09422976	   0.00000000	   0.15627818	   0.00000000	   0.08681437	   8.08860970	   0.00000000	   0.00048970	   0.00048970	  -0.00013614	   0.00107358	   0.00043650	   0.00014738	   0.00000000	   0.00062584	   9.34507084	   0.26688626	  13.74561310	  23.35757256	   0.46405268	   0.75333637	   0.14901154	   6.62581539	
 136.47343445	   3.09093976	   1.05483878	   0.06078862	   0.00501889	   0.22857875	   0.00000000	   0.09774165	   8.35911179	  -0.00000003	   0.00069108	   0.00069036	   0.00006505	   0.00148596	   0.00058849	   0.00020640	   0.00000072	   0.00062531	   9.26237869	   0.34918106	  13.74561501	  23.35717392	   0.65892291	   0.70580477	   0.15404809	   6.60748816	
 136.97413635	   0.14998405	   2.20617557	   0.00334929	   0.00100735	   0.36842346	   0.00000000	   0.10902980	   8.69495487	  -0.00000118	   0.00074400	   0.00069819	   0.00007323	   0.00181149	   0.00084514	   0.00022235	   0.00004581	   0.00062496	   9.18085194	   0.43333581	  13.74589920	  23.36009026	   0.81500238	   0.65899920	   0.16023983	   6.58936167	
 120.80064392	   0.00000000	   2.28864932	   0.00000000	   0.00024181	   0.63736695	   0.00000000	   0.12008652	   8.98367596	  -0.00000290	   0.00060650	  -0.00072143	  -0.00134447	   0.00216090	   0.00137323	   0.00018117	   0.00132793	   0.00062304	   9.09744358	   0.49530551	  13.75219154	  23.34493446	   0.86225265	   0.61106306	   0.16550179	   6.57084656	
 102.29086304	   0.00000000	   1.56666648	   0.00000000	   0.00010969	   0.90633768	   0.00000000	   0.13040237	   9.26823711	   0.00000191	   0.00080929	  -0.00238521	  -0.00300193	   0.00284173	   0.00179037	   0.00024207	   0.00319450	   0.00061672	   9.01506710	   0.48847753	  13.77499390	  23.27853775	   0.86920065	   0.56374317	   0.17079903	   6.55255222	
  80.18837738	   0.00000000	   3.17321229	   0.00000000	   0.00003859	   0.71944839	   0.00000000	   0.13983890	   9.83123875	   0.00005834	   0.00187712	  -0.00312468	  -0.00373144	   0.00469768	   0.00225809	   0.00056247	   0.00500180	   0.00060676	   8.95008755	   0.40821242	  13.80700779	  23.16530800	   0.82918000	   0.52681953	   0.18150462	   6.53790092	
  57.36789703	   0.00000000	   3.30645132	   0.00000000	   0.00002333	   0.83054811	   0.00000000	   0.14858900	  10.94028378	   0.00012754	   0.00229473	  -0.00211570	  -0.00271620	   0.00545353	   0.00247099	   0.00068781	   0.00441044	   0.00060050	   8.91438961	   0.35447434	  13.79692173	  23.06578636	   0.82353789	   0.50742978	   0.20204592	   6.52935839	
  33.49902725	   0.00000000	   2.81666660	   0.00000000	   0.00001489	   0.81825572	   0.00000000	   0.15719230	  12.13142490	   0.00009405	   0.00252602	  -0.00080081	  -0.00139818	   0.00525849	   0.00197523	   0.00075725	   0.00332683	   0.00059737	   8.88561153	   0.34160411	  13.77727890	  23.00449753	   0.87053657	   0.49214208	   0.22403686	   6.52228546	
   9.19572353	   0.00000000	   1.33548379	   0.00000000	   0.00001021	   0.67738283	   0.00000000	   0.16648138	  13.37232399	   0.00004349	   0.00239897	   0.00028477	  -0.00031117	   0.00451190	   0.00139375	   0.00071918	   0.00211420	   0.00059594	   8.86018085	   0.35179725	  13.76902390	  22.98100281	   0.85423332	   0.47885191	   0.24682581	   6.51591778	
   0.23720780	   0.04000000	   3.56333327	   0.00000000	   0.00000048	   0.04652230	   0.00000000	   0.17690222	  14.21515083	   0.00000432	   0.00126043	   0.00078315	   0.00018779	   0.00256861	   0.00092938	   0.00037880	   0.00047728	   0.00059536	   8.81233215	   0.39812550	  13.76991844	  22.98037910	   0.73375362	   0.45216531	   0.26195788	   6.50486946	
   0.37346998	   4.49980497	   1.79999995	   0.00745752	   0.00000000	   0.13336423	   0.00000000	   0.18806492	  14.50412464	  -0.00000142	   0.00041729	   0.00037572	  -0.00021908	   0.00116876	   0.00062607	   0.00012539	   0.00004158	   0.00059480	   8.73456192	   0.47502905	  13.77134132	  22.98093033	   0.35144830	   0.40764344	   0.26699227	   6.48759031	
 130.97724915	   3.18384528	   0.00000000	   0.05588447	   0.00485447	   0.06995613	   0.00000000	   0.07588022	   8.00140095	   0.00000041	   0.00002634	   0.00001108	  -0.00061599	   0.00035136	   0.00030620	   0.00001882	   0.00001526	   0.00062707	   9.43927670	   0.18437125	  13.74559975	  23.36925125	   0.18312009	   0.80740470	   0.14727210	   6.64643526	
 127.87369537	   9.02834225	   0.00000000	   0.09422976	   0.00000000	   0.15627818	   0.00000000	   0.08681437	   8.08860970	   0.00000000	   0.00048970	   0.00048970	  -0.00013614	   0.00107358	   0.00043650	   0.00014738	   0.00000000	   0.00062584	   9.34507084	   0.26688626	  13.74561310	  23.35757256	   0.46405268	   0.75333637	   0.14901154	   6.62581539	
 136.47343445	   3.09093976	   1.05483878	   0.06078862	   0.00501889	   0.22857875	   0.00000000	   0.09774165	   8.35911179	  -0.00000003	   0.00069108	   0.00069036	   0.00006505	   0.00148596	   0.00058849	   0.00020640	   0.00000072	   0.00062531	   9.26237869	   0.34918106	  13.74561501	  23.35717392	   0.65892291	   0.70580477	   0.15404809	   6.60748816	
 136.97413635	   0.14998405	   2.20617557	   0.00334929	   0.00100735	   0.36842346	   0.00000000	   0.10902980	   8.69495487	  -0.00000118	   0.00074400	   0.00069819	   0.00007323	   0.00181149	   0.00084514	   0.00022235	   0.00004581	   0.00062496	   9.18085194	   0.43333581	  13.74589920	  23.36009026	   0.81500238	   0.65899920	   0.16023983	   6.58936167	
 120.80064392	   0.00000000	   2.28864932	   0.00000000	   0.00024181	   0.63736695	   0.00000000	   0.12008652	   8.98367596	  -0.00000290	   0.00060650	  -0.00072143	  -0.00134447	   0.00216090	   0.00137323	   0.00018117	   0.00132793	   0.00062304	   9.09744358	   0.49530551	  13.75219154	  23.34493446	   0.86225265	   0.61106306	   0.16550179	   6.57084656	
 102.29086304	   0.00000000	   1.56666648	   0.00000000	   0.00010969	   0.90633768	   0.00000000	   0.13040237	   9.26823711	   0.00000191	   0.00080929	  -0.00238521	  -0.00300193	   0.00284173	   0.00179037	   0.00024207	   0.00319450	   0.00061672	   9.01506710	   0.48847753	  13.77499390	  23.27853775	   0.86920065	   0.56374317	   0.17079903	   6.55255222	
  80.18837738	   0.00000000	   3.17321229	   0.00000000	   0.00003859	   0.71944839	   0.00000000	   0.13983890	   9.83123875	   0.00005834	   0.00187712	  -0.00312468	  -0.00373144	   0.00469768	   0.00225809	   0.00056247	   0.00500180	   0.00060676	   8.95008755	   0.40821242	  13.80700779	  23.16530800	   0.82918000	   0.52681953	   0.18150462	   6.53790092	
  57.36789703	   0.00000000	   3.30645132	   0.00000000	   0.00002333	   0.83054811	   0.00000000	   0.14858900	  10.94028378	   0.00012754	   0.00229473	  -0.00211570	  -0.00271620	   0.00545353	   0.00247099	   0.00068781	   0.00441044	   0.00060050	   8.91438961	   0.35447434	  13.79692173	  23.06578636	   0.82353789	   0.50742978	   0.20204592	   6.52935839	
  33.49902725	   0.00000000	   2.81666660	   0.00000000	   0.00001489	   0.81825572	   0.00000000	   0.15719230	  12.13142490	   0.00009405	   0.00252602	  -0.00080081	  -0.00139818	   0.00525849	   0.00197523	   0.00075725	   0.00332683	   0.00059737	   8.88561153	   0.34160411	  13.77727890	  23.00449753	   0.87053657	   0.49214208	   0.22403686	   6.52228546	
   9.19572353	   0.00000000	   1.33548379	   0.00000000	   0.00001021	   0.67738283	   0.00000000	   0.16648138	  13.37232399	   0.00004349	   0.00239897	   0.00028477	  -0.00031117	   0.00451190	   0.00139375	   0.00071918	   0.00211420	   0.00059594	   8.86018085	   0.35179725	  13.76902390	  22.98100281	   0.85423332	   0.47885191	   0.24682581	   6.51591778	
   0.23720780	   0.04000000	   3.56333327	   0.00000000	   0.00000048	   0.04652230	   0.00000000	   0.17690222	  14.21515083	   0.00000432	   0.00126043	   0.00078315	   0.00018779	   0.00256861	   0.00092938	   0.00037880	   0.00047728	   0.00059536	   8.81233215	   0.39812550	  13.76991844	  22.98037910	   0.73375362	   0.45216531	   0.26195788	   6.50486946	
   0.37346998	   4.49980497	   1.79999995	   0.00745752	   0.00000000	   0.13336423	   0.00000000	   0.18806492	  14.50412464	  -0.00000142	   0.00041729	   0.00037572	  -0.00021908	   0.00116876	   0.00062607	   0.00012539	   0.00004158	   0.00059480	   8.73456192	   0.47502905	  13.77134132	  22.98093033	   0.35144830	   0.40764344	   0.26699227	   6.48759031	
 130.97724915	   3.18384528	   0.00000000	   0.05588447	   0.00485447	   0.06995613	   0.00000000	   0.07588022	   8.00140095	   0.00000041	   0.00002634	   0.00001108	  -0.00061599	   0.00035136	   0.00030620	   0.00001882	   0.00001526	   0.00062707	   9.43927670	   0.18437125	  13.74559975	  23.36925125	   0.18312009	   0.80740470	   0.14727210	   6.64643526	
 127.87369537	   9.02834225	   0.00000000	   0.09422976	   0.00000000	   0.15627818	   0.00000000	   0.08681437	   8.08860970	   0.00000000	   0.00048970	   0.00048970	  -0.00013614	   0.00107358	   0.00043650	   0.00014738	   0.00000000	   0.00062584	   9.34507084	   0.26688626	  13.74561310	  23.35757256	   0.46405268	   0.75333637	   0.14901154	   6.62581539	
 136.47343445	   3.09093976	   1.05483878	   0.06078862	   0.00501889	   0.22857875	   0.00000000	   0.09774165	   8.35911179	  -0.00000003	   0.00069108	   0.00069036	   0.00006505	   0.00148596	   0.00058849	   0.00020640	   0.00000072	   0.00062531	   9.26237869	   0.34918106	  13.74561501	  23.35717392	   0.65892291	   0.70580477	   0.15404809	   6.60748816	
 136.97413635	   0.14998405	   2.20617557	   0.00334929	   0.00100735	   0.36842346	   0.00000000	   0.10902980	   8.69495487	  -0.00000118	   0.00074400	   0.00069819	   0.00007323	   0.00181149	   0.00084514	   0.00022235	   0.00004581	   0.00062496	   9.18085194	   0.43333581	  13.74589920	  23.36009026	   0.81500238	   0.65899920	   0.16023983	   6.58936167	
 120.80064392	   0.00000000	   2.28864932	   0.00000000	   0.00024181	   0.63736695	   0.00000000	   0.12008652	   8.98367596	  -0.00000290	   0.00060650	  -0.00072143	  -0.00134447	   0.00216090	   0.00137323	   0.00018117	   0.00132793	   0.00062304	   9.09744358	   0.49530551	  13.75219154	  23.34493446	   0.86225265	   0.61106306	   0.16550179	   6.57084656	
 102.29086304	   0.00000000	   1.56666648	   0.00000000	   0.00010969	   0.90633768	   0.00000000	   0.13040237	   9.26823711	   0.00000191	   0.00080929	  -0.00238521	  -0.00300193	   0.00284173	   0.00179037	   0.00024207	   0.00319450	   0.00061672	   9.01506710	   0.48847753	  13.77499390	  23.27853775	   0.86920065	   0.56374317	   0.17079903	   6.55255222	
  80.18837738	   0.00000000	   3.17321229	   0.00000000	   0.00003859	   0.71944839	   0.00000000	   0.13983890	   9.83123875	   0.00005834	   0.00187712	  -0.00312468	  -0.00373144	   0.00469768	   0.00225809	   0.00056247	   0.00500180	   0.00060676	   8.95008755	   0.40821242	  13.80700779	  23.16530800	   0.82918000	   0.52681953	   0.18150462	   6.53790092	
  57.36789703	   0.00000000	   3.30645132	   0.00000000	   0.00002333	   0.83054811	   0.00000000	   0.14858900	  10.94028378	   0.00012754	   0.00229473	  -0.00211570	  -0.00271620	   0.00545353	   0.00247099	   0.00068781	   0.00441044	   0.00060050	   8.91438961	   0.35447434	  13.79692173	  23.06578636	   0.82353789	   0.50742978	   0.20204592	   6.52935839	
  33.49902725	   0.00000000	   2.81666660	   0.00000000	   0.00001489	   0.81825572	   0.00000000	   0.15719230	  12.13142490	   0.00009405	   0.00252602	  -0.00080081	  -0.00139818	   0.00525849	   0.00197523	   0.00075725	   0.00332683	   0.00059737	   8.88561153	   0.34160411	  13.77727890	  23.00449753	   0.87053657	   0.49214208	   0.22403686	   6.52228546	
   9.19572353	   0.00000000	   1.33548379	   0.00000000	   0.00001021	   0.67738283	   0.00000000	   0.16648138	  13.37232399	   0.00004349	   0.00239897	   0.00028477	  -0.00031117	   0.00451190	   0.00139375	   0.00071918	   0.00211420	   0.00059594	   8.86018085	   0.35179725	  13.76902390	  22.98100281	   0.85423332	   0.47885191	   0.24682581	   6.51591778	
   0.23720780	   0.04000000	   3.56333327	   0.00000000	   0.00000048	   0.04652230	   0.00000000	   0.17690222	  14.21515083	   0.00000432	   0.00126043	   0.00078315	   0.00018779	   0.00256861	   0.00092938	   0.00037880	   0.00047728	   0.00059536	   8.81233215	   0.39812550	  13.76991844	  22.98037910	   0.73375362	   0.45216531	   0.26195788	   6.50486946	
   0.37346998	   4.49980497	   1.79999995	   0.00745752	   0.00000000	   0.13336423	   0.00000000	   0.18806492	  14.50412464	  -0.00000142	   0.00041729	   0.00037572	  -0.00021908	   0.00116876	   0.00062607	   0.00012539	   0.00004158	   0.00059480	   8.73456192	   0.47502905	  13.77134132	  22.98093033	   0.35144830	   0.40764344	   0.26699227	   6.48759031	
 130.97724915	   3.18384528	   0.00000000	   0.05588447	   0.00485447	   0.06995613	   0.00000000	   0.07588022	   8.00140095	   0.00000041	   0.00002634	   0.00001108	  -0.00061599	   0.00035136	   0.00030620	   0.00001882	   0.00001526	   0.00062707	   9.43927670	   0.18437125	  13.74559975	  23.36925125	   0.18312009	   0.80740470	   0.14727210	   6.64643526	
 127.87369537	   9.02834225	   0.00000000	   0.09422976	   0.00000000	   0.15627818	   0.00000000	   0.08681437	   8.08860970	   0.00000000	   0.00048970	   0.00048970	  -0.00013614	   0.00107358	   0.00043650	   0.00014738	   0.00000000	   0.00062584	   9.34507084	   0.26688626	  13.74561310	  23.35757256	   0.46405268	   0.75333637	   0.14901154	   6.62581539	
 136.47343445	   3.09093976	   1.05483878	   0.06078862	   0.00501889	   0.22857875	   0.00000000	   0.09774165	   8.35911179	  -0.00000003	   0.00069108	   0.00069036	   0.00006505	   0.00148596	   0.00058849	   0.00020640	   0.00000072	   0.00062531	   9.26237869	   0.34918106	  13.74561501	  23.35717392	   0.65892291	   0.70580477	   0.15404809	   6.60748816	
 136.97413635	   0.14998405	   2.20617557	   0.00334929	   0.00100735	   0.36842346	   0.00000000	   0.10902980	   8.69495487	  -0.00000118	   0.00074400	   0.00069819	   0.00007323	   0.00181149	   0.00084514	   0.00022235	   0.00004581	   0.00062496	   9.18085194	   0.43333581	  13.74589920	  23.36009026	   0.81500238	   0.65899920	   0.16023983	   6.58936167	
 120.80064392	   0.00000000	   2.28864932	   0.00000000	   0.00024181	   0.63736695	   0.00000000	   0.12008652	   8.98367596	  -0.00000290	   0.00060650	  -0.00072143	  -0.00134447	   0.00216090	   0.00137323	   0.00018117	   0.00132793	   0.00062304	   9.09744358	   0.49530551	  13.75219154	  23.34493446	   0.86225265	   0.61106306	   0.16550179	   6.57084656	
 102.29086304	   0.00000000	   1.56666648	   0.00000000	   0.00010969	   0.90633768	   0.00000000	   0.13040237	   9.26823711	   0.00000191	   0.00080929	  -0.00238521	  -0.00300193	   0.00284173	   0.00179037	   0.00024207	   0.00319450	   0.00061672	   9.01506710	   0.48847753	  13.77499390	  23.27853775	   0.86920065	   0.56374317	   0.17079903	   6.55255222	
  80.18837738	   0.00000000	   3.17321229	   0.00000000	   0.00003859	   0.71944839	   0.00000000	   0.13983890	   9.83123875	   0.00005834	   0.00187712	  -0.00312468	  -0.00373144	   0.00469768	   0.00225809	   0.00056247	   0.00500180	   0.00060676	   8.95008755	   0.40821242	  13.80700779	  23.16530800	   0.82918000	   0.52681953	   0.18150462	   6.53790092	
  57.36789703	   0.00000000	   3.30645132	   0.00000000	   0.00002333	   0.83054811	   0.00000000	   0.14858900	  10.94028378	   0.00012754	   0.00229473	  -0.00211570	  -0.00271620	   0.00545353	   0.00247099	   0.00068781	   0.00441044	   0.00060050	   8.91438961	   0.35447434	  13.79692173	  23.06578636	   0.82353789	   0.50742978	   0.20204592	   6.52935839	
  33.49902725	   0.00000000	   2.81666660	   0.00000000	   0.00001489	   0.81825572	   0.00000000	   0.15719230	  12.13142490	   0.00009405	   0.00252602	  -0.00080081	  -0.00139818	   0.00525849	   0.00197523	   0.00075725	   0.00332683	   0.00059737	   8.88561153	   0.34160411	  13.77727890	  23.00449753	   0.87053657	   0.49214208	   0.22403686	   6.52228546	
   9.19572353	   0.00000000	   1.33548379	   0.00000000	   0.00001021	   0.67738283	   0.00000000	   0.16648138	  13.37232399	   0.00004349	   0.00239897	   0.00028477	  -0.00031117	   0.00451190	   0.00139375	   0.00071918	   0.00211420	   0.00059594	   8.86018085	   0.35179725	  13.76902390	  22.98100281	   0.85423332	   0.47885191	   0.24682581	   6.51591778	
   0.23720780	   0.04000000	   3.56333327	   0.00000000	   0.00000048	   0.04652230	   0.00000000	   0.17690222	  14.21515083	   0.00000432	   0.00126043	   0.00078315	   0.00018779	   0.00256861	   0.00092938	   0.00037880	   0.00047728	   0.00059536	   8.81233215	   0.39812550	  13.76991844	  22.98037910	   0.73375362	   0.45216531	   0.26195788	   6.50486946	
   0.37346998	   4.49980497	   1.79999995	   0.00745752	   0.00000000	   0.13336423	   0.00000000	   0.18806492	  14.50412464	  -0.00000142	   0.00041729	   0.00037572	  -0.00021908	   0.00116876	   0.00062607	   0.00012539	   0.00004158	   0.00059480	   8.73456192	   0.47502905	  13.77134132	  22.98093033	   0.35144830	   0.40764344	   0.26699227	   6.48759031	
 131.83874512	   0.82323855	   0.00000000	   0.13870968	   0.01244670	   0.00000000	   0.00000000	   0.06995140	   0.00000000	   0.00000055	   0.00000000	  -0.00001346	  -0.00001346	   0.00000000	   0.00000000	   0.00000000	   0.00001346	   0.00000000	   2.61393309	   0.14189753	  13.74553490	  16.50135422	         -inf	   0.83779913	   0.00000000	   0.00000000	
 131.75727844	   2.04599380	   0.00000000	   0.37142855	   0.00035326	   0.00000000	   0.00000000	   0.06995141	   0.00000000	   0.00000000	   0.00000000	   0.00000000	   0.00000000	   0.00000000	   0.00000000	   0.00000000	   0.00000000	   0.00000000	   2.60971117	   0.14608406	  13.74553394	  16.50131989	         -inf	   0.83644575	   0.00000000	   0.00000000	
 144.68238831	   1.19260681	   0.00000000	   0.31767395	   0.19008625	   0.00000000	   0.00000000	   0.06995140	   0.00000000	  -0.00000000	   0.00000000	  -0.00000050	  -0.00000050	   0.00000000	   0.00000000	   0.00000000	   0.00000050	   0.00000000	   2.60549617	   0.15029716	  13.74553490	  16.50131989	         -inf	   0.83509457	   0.00000000	   0.00000000	
 195.92895508	   0.12387732	   0.00000000	   0.02945602	   0.43418235	   0.00000000	   0.00000000	   0.06995141	   0.00000000	  -0.00000054	   0.00000000	  -0.00004129	  -0.00004129	   0.00000000	   0.00000000	   0.00000000	   0.00004129	   0.00000000	   2.60114551	   0.15412447	  13.74572754	  16.50099945	         -inf	   0.83370042	   0.00000000	   0.00000000	
 215.29016113	   0.00000000	   0.81336725	   0.00000000	   0.49129048	   2.09115100	   0.00000000	   0.06995140	   3.73116398	   0.00003109	   0.00138286	   0.00048213	   0.00048213	   0.00361392	   0.00181620	   0.00041486	   0.00090073	   0.00000000	   2.61093736	   0.14563914	  13.74619675	  16.50277328	         -inf	   0.83819789	   0.25670776	   0.00000000	
 142.40946960	   0.00000000	   1.19400775	   0.00000000	   0.00682930	   2.28256536	   0.00000000	   0.06995141	  12.44026089	   0.00009596	  -0.00216686	  -0.00367187	  -0.00367187	   0.00610252	   0.00795665	   0.00031272	   0.00150501	   0.00000000	   2.63003516	   0.12888707	  13.72983265	  16.48875618	   2.86436296	   0.85945046	   0.79561138	   0.00000000	
 133.56861877	   0.00000000	   2.40406466	   0.00000000	   0.00020607	   0.86956441	   0.00000000	   0.06995140	  13.37069702	   0.00015007	  -0.00388726	  -0.00594936	  -0.00594936	   0.00653949	   0.01024944	   0.00017732	   0.00206210	   0.00000000	   2.51019645	   0.11679847	  13.69058037	  16.31757545	   1.22029448	   0.86526096	   0.84739584	   0.00000000	
 136.70628357	   0.00000000	   2.19519949	   0.00000000	   0.00007331	   1.09190667	   0.00000000	   0.06995140	  13.36829472	   0.00015762	  -0.00322750	  -0.00563939	  -0.00563939	   0.00762397	   0.01058523	   0.00026624	   0.00241189	   0.00000000	   2.36167264	   0.11272579	  13.63760853	  16.11200333	   2.22065949	   0.86779010	   0.84632695	   0.00000000	
 133.35765076	   0.00000000	   2.43700862	   0.00000000	   0.04131848	   0.34520361	   0.00000000	   0.06995141	   9.41090012	  -0.00000636	  -0.00222937	  -0.00681285	  -0.00681285	   0.00368218	   0.00586198	   0.00004957	   0.00458348	   0.00000000	   1.62756014	   0.65256238	  13.64743137	  15.92755413	   1.09547198	   0.60181403	   0.57633662	   0.00000000	
 149.45861816	   0.00000000	   0.00722927	   0.00000000	   0.22770187	   0.00251768	   0.00000000	   0.06995140	   0.40522087	  -0.00001271	  -0.00013303	  -0.00357741	  -0.00357741	   0.00007449	   0.00020752	   0.00000000	   0.00344438	   0.00000000	   0.26248005	   1.81764460	  13.69754791	  15.77767372	   0.08481461	   0.04442868	   0.01856102	   0.00000000	
 199.66194153	   0.04000000	   0.00000000	   0.00000000	   0.23667082	   0.00000000	   0.00000000	   0.06995141	   0.00000000	  -0.00001271	   0.00000000	  -0.00088773	  -0.00088773	   0.00000000	   0.00000000	   0.00000000	   0.00088773	   0.00000000	   0.21661349	   1.77111483	  13.72633457	  15.71406460	   0.08602712	   0.02582446	   0.00000000	   0.00000000	
 300.75088501	   1.78157759	   0.00000000	   0.26204830	   0.03911432	   0.00000000	   0.05312769	   0.06995140	   0.00000000	  -0.00000263	   0.00000000	  -0.00007040	  -0.00007040	   0.00000000	   0.00000000	   0.00000000	   0.00007040	   0.00000000	   0.21551931	   1.75497770	  13.73279476	  15.70328999	   0.08602712	   0.02578134	   0.00000000	   0.00000000	
  67.37263489	   0.82323855	   0.00000000	   0.13870968	   0.01303700	   0.00000000	   0.00000000	   0.01975000	   0.00000000	   0.00000000	   0.00000000	   0.00000000	   0.00000000	   0.00000000	   0.00000000	   0.00000000	   0.00000000	   0.00000000	   0.13092518	   0.03961482	   9.10000229	   9.27053928	         -inf	   0.04196320	   0.00000000	   0.00000000	
  67.28680420	   2.04599380	   0.00000000	   0.37142855	   0.00036943	   0.00000000	   0.00000000	   0.01975000	   0.00000000	   0.00000000	   0.00000000	   0.00000000	   0.00000000	   0.00000000	   0.00000000	   0.00000000	   0.00000000	   0.00000000	   0.13071373	   0.03982629	   9.10000229	   9.27053928	         -inf	   0.04189542	   0.00000000	   0.00000000	
  80.10144806	   1.19260681	   0.00000000	   0.31767395	   0.19741678	   0.00000000	   0.00000000	   0.01975000	   0.00000000	   0.00000084	   0.00000000	  -0.00001062	  -0.00001062	   0.00000000	   0.00000000	   0.00000000	   0.00001062	   0.00000000	   0.13050263	   0.04001523	   9.09998608	   9.27050591	         -inf	   0.04182776	   0.00000000	   0.00000000	
 131.12774658	   0.12387732	   0.00000000	   0.02945602	   0.44227704	   0.00000000	   0.00000000	   0.01975000	   0.00000000	   0.00001992	   0.00000000	  -0.00025351	  -0.00025351	   0.00000000	   0.00000000	   0.00000000	   0.00025351	   0.00000000	   0.13028465	   0.03849762	   9.09824085	   9.26702499	         -inf	   0.04175790	   0.00000000	   0.00000000	
 172.29191589	   0.00000000	   0.04794356	   0.00000000	   0.78211808	   0.20233598	   0.42330971	   0.01975000	   0.19777867	   0.00004761	   0.00053415	  -0.00005723	  -0.00005723	   0.00079048	   0.00009608	   0.00016025	   0.00059138	   0.00000000	   0.13455363	   0.03554302	   9.08790016	   9.25799656	         -inf	   0.04355756	   0.01364502	   0.00000000	
 172.68052673	   0.00000000	   0.10513768	   0.00000000	   0.50939476	   1.41342080	   0.27233639	   0.01975000	   0.77594543	   0.00006020	   0.00242816	   0.00170701	   0.00170701	   0.00365554	   0.00049894	   0.00072845	   0.00072115	   0.00000000	   0.18214573	   0.03339277	   9.07040119	   9.28593731	   7.82958794	   0.06340850	   0.05003054	   0.00000000	
 178.83451843	   0.00000000	   0.27670631	   0.00000000	   0.74837607	   1.36133659	   0.51105160	   0.01975000	   1.08833659	   0.00007729	   0.00298509	   0.00208098	   0.00208098	   0.00471823	   0.00083761	   0.00089553	   0.00090411	   0.00000000	   0.26421732	   0.03145610	   9.04790211	   9.34357548	   7.77148771	   0.09762583	   0.06958745	   0.00000000	
 175.83363342	   0.00000000	   0.30415252	   0.00000000	   0.60776460	   1.68569517	   0.79682153	   0.01975000	   1.40465653	   0.00007609	   0.00310271	   0.00220993	   0.00220993	   0.00514150	   0.00110798	   0.00093081	   0.00089278	   0.00000000	   0.36101305	   0.03046710	   9.02168179	   9.41316319	   8.18500233	   0.13797855	   0.08954690	   0.00000000	
 182.28477478	   0.00000000	   0.36685249	   0.00000000	   0.26719174	   1.11526835	   0.98388016	   0.01975000	   1.17578959	   0.00002993	   0.00155769	   0.00029838	   0.00029838	   0.00275530	   0.00073030	   0.00046731	   0.00125931	   0.00000000	   0.35691991	   0.09173515	   9.00794983	   9.45660400	   8.11460400	   0.13629386	   0.07233956	   0.00000000	
 180.44964600	   0.00000000	   0.00102839	   0.00000000	   0.25902072	   0.07246161	   0.65347809	   0.01975000	   0.05761073	  -0.00000884	   0.00007017	  -0.00134531	  -0.00134531	   0.00012104	   0.00002945	   0.00002142	   0.00141548	   0.00000000	   0.19883987	   0.21184511	   9.02208042	   9.43276596	   8.02831745	   0.07046121	   0.00266095	   0.00000000	
 190.04403687	   0.04000000	   0.00000000	   0.00000000	   0.24699537	   0.00000000	   2.34679365	   0.01975000	   0.00000000	   0.00001170	   0.00000000	  -0.00067936	  -0.00067936	   0.00000000	   0.00000000	   0.00000000	   0.00067936	   0.00000000	   0.19218644	   0.17538743	   9.03301334	   9.40058708	   7.91873074	   0.06771221	   0.00000000	   0.00000000	
 188.96687317	   1.78157759	   0.00000000	   0.26204830	   0.04098617	   0.00000000	   2.79581094	   0.01975000	   0.00000000	   0.00001517	   0.00000000	  -0.00051826	  -0.00051826	   0.00000000	   0.00000000	   0.00000000	   0.00051826	   0.00000000	   0.19186546	   0.15959357	   9.03227043	   9.38372993	   7.91873074	   0.06759914	   0.00000000	   0.00000000	
