0.9 -14.58 -6.79 0 383.61 431.96 36000 9999 9999
3.26 -17.42 -7.5 0 404.2 386.08 36000 9999 9999
0.37 -16.41 -7.4 0 378.24 442.93 36000 9999 9999
0.49 -17.7 -8.01 0 380.5 358.96 36000 9999 9999
0.47 -18.89 -9.51 0 349.22 408.29 36000 9999 9999
0.31 -16.01 -7.73 0 365.5 273.74 36000 9999 9999
-1.66 -13.84 -7.09 0 303.67 417.04 36000 9999 9999
-4.3 -12.18 -8.24 0 269.37 309.68 36000 9999 9999
-3.46 -17.02 -9.51 0 240.53 352.57 37800 9999 9999
0.79 -17.12 -8.18 0 330.32 409.78 37800 9999 9999
0.95 -15.62 -7.61 0 384.21 407.52 37800 9999 9999
-2.32 -11.87 -7.41 0 182.79 218.47 37800 9999 9999
-0.84 -16.68 -8.96 0 234.81 324.54 37800 9999 9999
-6.33 -13.17 -9.11 0 105.38 231.03 37800 9999 9999
-7.54 -20.12 -14.4 0 88.41 474.58 37800 9999 9999
-1.66 -22.19 -13.02 0 146.42 441.09 37800 9999 9999
0.94 -11.25 -6.41 0 270.29 358.41 37800 9999 9999
-2.24 -16.82 -8.36 0 241.85 416.29 37800 9999 9999
-3.42 -10.46 -6.31 0 298.43 260.97 37800 9999 9999
-0.91 -19.84 -10.65 0 254.16 342.95 37800 9999 9999
-1.59 -16.95 -9.16 0 273.56 324.66 37800 9999 9999
3.67 -14.95 -5.7 0 388.22 375.83 37800 9999 9999
0.48 -14.28 -6.17 0 344.28 375.71 37800 9999 9999
-3.53 -9.97 -6.91 0.4 102.43 295.5 37800 9999 9999
-6.28 -18.39 -12.54 0 143.34 468.41 37800 9999 9999
-6.09 -23.15 -15.04 0 136.62 447.54 37800 9999 9999
-9.01 -19.04 -14.38 0 83.3 375.91 37800 9999 9999
-7.08 -23.09 -16.37 0 124.87 440.78 37800 9999 9999
-5.49 -24.54 -16.51 0.2 128.33 473.13 37800 9999 9999
-3.81 -19.73 -10.45 0 216.5 407.45 37800 9999 9999
-3.73 -22.61 -11.92 0 189.69 386.23 37800 9999 9999
-0.9 -18.52 -9.6 0 250.27 505.05 37800 9999 9999
-0.65 -19.47 -9.68 0 269.06 508.16 37800 9999 9999
-4.47 -15.66 -9.23 2.7 331.37 538.59 37800 9999 9999
-4.45 -20.3 -10.57 0.1 255.62 464.1 37800 9999 9999
-3.54 -16.87 -10.11 0 266.31 393.71 37800 9999 9999
-4.05 -17.89 -10.37 0 237.18 409.47 37800 9999 9999
-5.61 -16.51 -9.42 0 270.11 494.59 37800 9999 9999
-1.2 -21.53 -10.29 0 316.69 539.73 37800 9999 9999
2.29 -17.73 -8.35 0 366.9 536.26 37800 9999 9999
4.44 -16.4 -6.28 0 456.4 539.27 37800 9999 9999
1.03 -15.98 -6.69 0 420.38 538.4 37800 9999 9999
-2.33 -11.91 -6.3 0 347.39 511.73 37800 9999 9999
-1.51 -19.43 -10.15 0 307.87 527.19 39600 9999 9999
2.29 -12.35 -5.42 0 378.3 510.94 39600 9999 9999
-3.19 -9.18 -5.78 0 209.44 265.02 39600 9999 9999
-3.4 -13.5 -8.02 0 298.22 458.4 39600 9999 9999
1.58 -17.95 -7.94 0 370.09 538.92 39600 9999 9999
0.97 -8.72 -3.76 0 394.45 258.36 39600 9999 9999
-1.5 -9.11 -5.59 0 274.94 317.04 39600 9999 9999
-3.63 -13.13 -7.57 0 167.92 334.22 39600 9999 9999
3.07 -17.04 -8.12 0 351.12 559.07 39600 9999 9999
3.52 -15.28 -5.48 0 463.12 577.84 39600 9999 9999
1.58 -13.43 -5.27 0 434.36 489.18 41400 9999 9999
1.85 -14.34 -6.41 0 441.32 526.35 41400 9999 9999
6.31 -13.64 -3.93 0 571.91 550.79 41400 9999 9999
7.29 -12.51 -2.31 0 635.03 524.99 41400 9999 9999
6.56 -9.58 0.24 0 700.45 488.17 41400 9999 9999
4.22 -2.35 1.05 0 652.38 416.52 41400 9999 9999
7.25 -12.69 -2.15 0 650.62 574.34 41400 9999 9999
8.52 -12.54 -0.92 0 732.57 580.11 41400 9999 9999
5.56 -11.43 -1.87 0 639.04 587.12 41400 9999 9999
4.65 -12.32 -3.55 0 578.59 582.54 41400 9999 9999
6.27 -12.93 -1.92 0 610.42 579.16 41400 9999 9999
6.96 -13.23 -2.27 0 666.44 582.1 41400 9999 9999
3.07 -11.26 -2.79 0 569.33 359.61 41400 9999 9999
-0.45 -6.76 -3.64 0 374.15 480.82 41400 9999 9999
2.8 -13 -4.8 0 481.97 600.27 41400 9999 9999
8.16 -14.5 -3.6 0 638.46 600.75 41400 9999 9999
9.47 -10.58 0.01 0 735.55 495.06 41400 9999 9999
5.56 -3.84 0.42 0 425.69 306.36 41400 9999 9999
8.95 -8.16 0.45 0 645.4 534.28 41400 9999 9999
8.1 -4.4 1.7 0 772.16 545.94 41400 9999 9999
8.33 -4.4 1.57 0 730.1 467.15 41400 9999 9999
7.44 -8.49 0.31 0 725.67 476.5 41400 9999 9999
8.21 -8.61 0.08 0 738.54 488.16 41400 9999 9999
8.89 -9.86 -0.42 0 760.03 544.66 41400 9999 9999
12.07 -10.63 1.07 0 873.58 612.57 43200 9999 9999
11.91 -8.97 2.46 0 883.15 592.05 43200 9999 9999
8.12 -6.58 1.88 0 792.71 619.31 43200 9999 9999
13 -9.3 3.06 0 950.73 510.23 43200 9999 9999
14.48 2.31 8.94 0 1245.91 613.39 43200 9999 9999
15.49 -6.58 5.24 0 1159.29 512.32 43200 9999 9999
14.49 0.79 8.36 0 1198.78 530.43 43200 9999 9999
13.33 0.93 7.76 0 1174.78 490.54 43200 9999 9999
10.23 -0.84 6.19 0 979.87 407.4 43200 9999 9999
9.57 -6.33 3.18 0 849 433.54 45000 9999 9999
7.36 -0.98 2.96 0 645.29 442.6 45000 9999 9999
6.7 -7.27 0.26 0 601.42 284.93 45000 9999 9999
3.71 -4.21 0.02 0 453.84 316.35 45000 9999 9999
6 -10.3 -1.56 0 559.27 580.78 45000 9999 9999
7.8 -9.03 0.19 0 675.14 486.39 45000 9999 9999
8.11 -7.6 0.55 0 552.82 413.69 45000 9999 9999
6.87 -3.62 0.73 0 385.04 399.47 45000 9999 9999
7.42 -6.23 0.15 0 486.83 488.79 45000 9999 9999
5.79 -8.02 -0.78 0 426.84 319.83 45000 9999 9999
7.36 -7.95 0.43 0 646.32 590.42 45000 9999 9999
8.89 -9.44 0.62 0 805.46 648.63 45000 9999 9999
11.64 -9.22 1.63 0 934.07 595.58 45000 9999 9999
10.26 -6.16 1.45 0 640.06 441.14 45000 9999 9999
10.59 -1.75 3.34 0.8 655.6 470.67 45000 9999 9999
10.92 -4.28 3.24 0 739.12 424.05 45000 9999 9999
10.27 -4.42 3.27 0 836.48 492.85 45000 9999 9999
4.74 -5.64 -0.61 0.8 255.93 267.48 45000 9999 9999
5.69 -5.73 -1.33 0.5 258.13 313.87 45000 9999 9999
4.57 -3.6 0.21 0.5 483.06 464.19 45000 9999 9999
4.73 -5.05 -0.18 0.4 489.39 525.55 45000 9999 9999
9.99 -9.42 0.39 0 724.04 576.82 45000 9999 9999
10.78 -3.9 2.92 0 687.36 487.46 45000 9999 9999
10.53 -2.69 3.42 0.5 552.34 507.86 46800 9999 9999
15.63 -4.89 5.28 0 958.29 634.64 46800 9999 9999
13.86 -2.37 6.97 0 971.69 432.87 46800 9999 9999
8.67 -0.84 3.28 1.1 311.48 340.07 46800 9999 9999
10.24 -0.46 3.47 1.4 434.03 454.92 46800 9999 9999
8.55 -0.16 3.42 2.5 399.78 409.49 46800 9999 9999
8.94 -1.88 3.26 0.1 483.26 445.17 46800 9999 9999
6.32 -0.95 2.95 0 367.86 490.68 46800 9999 9999
9.96 -4.16 2.92 0 592.48 477.83 46800 9999 9999
11.89 -0.96 4.6 0 729.19 626.18 46800 9999 9999
10.3 0.18 4.05 0.2 532.95 396.43 46800 9999 9999
12.66 -0.24 5.78 0.1 727.22 595.22 48600 9999 9999
13 -2.22 6.04 0 838.91 517.45 48600 9999 9999
13.02 1.06 7.36 0 1081.5 617.13 48600 9999 9999
13.94 -0.95 7.45 0 1164.61 623.1 48600 9999 9999
12.49 2.7 6.86 0 856.18 541.92 48600 9999 9999
6.67 -1.68 3.37 0 447.5 368.96 48600 9999 9999
7.43 -4.5 1.74 0.1 636.13 558.26 48600 9999 9999
12.59 -6.2 4.21 0 947.26 654.84 48600 9999 9999
16.72 -4.05 7.31 0 1174.92 613.96 48600 9999 9999
16.58 -1.52 8.96 0 1259.22 643.9 48600 9999 9999
15.31 -1.73 8.39 0 1163.49 624.83 48600 9999 9999
13.23 1.47 7.99 0 948.18 513.41 48600 9999 9999
17.01 -0.31 8.81 0 1154.23 556.71 48600 9999 9999
14.41 1.37 8.85 0 1117.16 492.16 48600 9999 9999
14.27 -1.53 7.6 0 1054.23 635.04 48600 9999 9999
17.24 -0.02 10.01 0 1323.53 618.59 48600 9999 9999
19.02 -1.09 10.09 0 1486.21 668.98 48600 9999 9999
18.86 -0.96 10.31 0 1310.38 528.83 48600 9999 9999
16.63 2.89 10.59 0 997.14 444.71 48600 9999 9999
15.64 3.29 9.7 0 919.78 444.71 48600 9999 9999
10.55 2.32 6.63 2.7 306.67 276.66 48600 9999 9999
8.23 2.42 5.45 13.3 228.69 328.74 48600 9999 9999
9.89 2.37 5.78 0.9 392.33 375.46 48600 9999 9999
12.32 0.11 5.65 11.6 312.05 402.2 48600 9999 9999
9.94 0.2 5.6 16.9 258.36 399.16 48600 9999 9999
12.2 4.13 7.11 2.2 421.15 328.14 48600 9999 9999
11.34 4.69 7.53 0.1 518.88 449.07 48600 9999 9999
9.54 1.25 5.46 5.1 209.63 372.34 48600 9999 9999
14.98 2.56 8.9 0.2 745.94 563.22 48600 9999 9999
12.06 5.14 8.59 1.8 470.58 452.4 48600 9999 9999
11.63 3.21 7.15 0.4 429.3 504.68 48600 9999 9999
12.35 4.59 8.73 0 845.41 540.74 48600 9999 9999
11.43 1.02 7.08 3.1 332.86 465.98 48600 9999 9999
12.62 3.66 8.28 1.1 486.46 497.81 48600 9999 9999
13.33 4.42 8.37 6.5 456.27 552.87 50400 9999 9999
8.26 -0.15 4.12 16.7 160.46 424.15 50400 9999 9999
8.74 -0.18 3.83 16.9 169.18 355.91 50400 9999 9999
10.31 0.19 4.98 2.7 267.99 339.36 50400 9999 9999
11.2 2.96 5.94 1.5 287.18 356.83 50400 9999 9999
14.56 2.12 8 6.5 434.37 548.13 50400 9999 9999
15.61 4.7 10.01 0 635.72 529.32 50400 9999 9999
14.12 2.8 8.36 6.4 364.24 456.21 50400 9999 9999
12.1 4.01 7.93 9.7 359.4 373.33 50400 9999 9999
9.78 2.93 5.01 10.3 193.58 259.62 50400 9999 9999
12.65 2.38 6.94 2.4 405.31 471.02 50400 9999 9999
13.55 5.24 9.29 1.4 633.01 432.28 50400 9999 9999
15.53 2.9 9.5 0 782.61 602.48 50400 9999 9999
13.82 3.92 9.31 1.1 534.27 340.24 50400 9999 9999
14.64 4.45 8.96 6.2 435.11 397.37 50400 9999 9999
12.12 5.51 8.59 10.2 293.08 246.45 50400 9999 9999
12.69 4.46 8.67 10 318.99 345.6 50400 9999 9999
13.9 5.21 8.68 13.2 297.63 351.84 50400 9999 9999
12.79 3.42 8.14 18.1 268.78 384.37 50400 9999 9999
15.38 5.86 9.67 21.8 435.49 449.34 50400 9999 9999
13.54 6.34 8.97 1.5 361.46 440.8 50400 9999 9999
15.51 5.96 9.8 7.3 462.57 376.04 50400 9999 9999
16.11 6.7 10.65 1.6 536.07 473.47 50400 9999 9999
18.85 7.5 12.62 0 859.98 548.47 50400 9999 9999
18.52 6.45 12.96 0 858.2 629.56 50400 9999 9999
18.69 6.1 12.83 0 850.23 544.13 50400 9999 9999
13.17 7.18 10.03 1.2 428.23 289.48 50400 9999 9999
17.36 6.88 11.94 0.1 751.4 543.65 50400 9999 9999
15.32 6.67 10.09 6.2 470.81 389.87 50400 9999 9999
16.84 6.83 11.4 6.8 615.69 514.03 50400 9999 9999
11.23 5.26 8.47 8.6 237.86 192.77 50400 9999 9999
16.77 7.47 11.65 0.2 675.41 405.12 50400 9999 9999
15.56 7.6 11.03 5.1 489.82 385.96 50400 9999 9999
12.3 6.66 9.02 10 250.11 268.09 50400 9999 9999
12.46 7.87 9.85 3.5 321.79 302.65 50400 9999 9999
11.66 6.53 8.79 4.8 248.53 234.72 50400 9999 9999
14.03 7.04 10.53 0 503.99 498.95 50400 9999 9999
13.24 8.9 10.5 1.8 375 280.7 50400 9999 9999
11.72 5.41 8.67 7.6 272.87 300.67 48600 9999 9999
13.01 2.9 7.07 19.8 279.32 375.67 48600 9999 9999
12.39 6.12 8.66 0.7 345.63 324.02 48600 9999 9999
15.02 3.66 8.56 10.1 360.52 435.85 48600 9999 9999
11 7.28 9.02 0.7 298.4 247.82 48600 9999 9999
14.9 4.85 9.41 2 395.24 343.58 48600 9999 9999
13.35 6.27 8.99 2.7 301.73 381.63 48600 9999 9999
17.95 5.75 10.84 2.9 667.06 580.92 48600 9999 9999
16.46 7.98 11.13 0.2 520.81 468.93 48600 9999 9999
12.69 5.1 9.36 8.5 323.47 385.62 48600 9999 9999
15.53 9.11 11.8 0.2 577.11 457.09 48600 9999 9999
13.64 8 10.84 2.4 426.57 258.87 48600 9999 9999
12.87 7.42 9.49 7 303.45 254.21 48600 9999 9999
13.83 6.35 9.45 4 321.19 416.79 48600 9999 9999
14.06 7.5 9.43 3.7 280.74 267.68 48600 9999 9999
14.23 6.25 8.54 17.1 235.62 347.3 48600 9999 9999
17.14 6.24 10.54 0.1 594.03 485.53 48600 9999 9999
15.67 7.84 10.13 3.1 410.23 391.07 48600 9999 9999
14.52 6.03 9.88 3 448.01 379.85 48600 9999 9999
16.27 6.45 10.94 1.3 602.64 460.89 48600 9999 9999
13.62 4.53 9.07 15.7 328.26 330.59 48600 9999 9999
15.29 6.46 10.3 2 509.86 477.26 48600 9999 9999
16.16 7.68 11.19 0.2 561.61 384.57 48600 9999 9999
17.18 7.3 11.72 0.8 594.52 477.97 48600 9999 9999
16.58 7.58 11.49 0.7 499.58 375.17 48600 9999 9999
19.7 8.27 12.93 0.8 766.41 538.36 48600 9999 9999
19.38 7.66 13.43 0 890.11 578.11 48600 9999 9999
16.98 7.32 11.11 0.6 626.75 348.33 48600 9999 9999
13.67 7.5 9.61 5.4 344.81 309.23 48600 9999 9999
14.18 5.14 8.77 16.8 318.01 276.02 48600 9999 9999
12.98 6.04 9.26 6.9 353.39 294.62 48600 9999 9999
14.62 6.03 10.29 1.6 417.27 435.87 48600 9999 9999
17.45 6.66 11.59 0.5 660.82 590.64 48600 9999 9999
19.16 8.04 12.56 0 875.63 569.62 48600 9999 9999
18.65 5.31 12.23 0.4 867.98 645.74 46800 9999 9999
14.21 5.63 9.56 8.6 480.83 346.83 46800 9999 9999
15.59 7.08 10.17 1.3 560.34 429.69 46800 9999 9999
14.98 4.87 8.61 1.2 445.22 397.19 46800 9999 9999
16.43 4.78 10 0 551.53 494.2 46800 9999 9999
12.28 5.98 8.59 7.6 294.42 226.55 46800 9999 9999
13.2 5.95 8.84 15.8 264.78 328.42 46800 9999 9999
13.65 5.85 9.18 7.7 340.11 363.42 46800 9999 9999
15.39 5.5 9.35 7.9 373.16 341.92 46800 9999 9999
17.03 5.74 10.97 0 638.13 623.49 46800 9999 9999
13.68 6.12 9.55 0.6 402.88 295.08 46800 9999 9999
14.37 6.27 9.33 1.9 425.52 373.4 45000 9999 9999
17.48 4.56 10.35 0.4 636.41 563.21 45000 9999 9999
13.85 6.44 9.78 1 431.23 332.78 45000 9999 9999
18.44 5.1 11.19 0 687.16 512.67 45000 9999 9999
18.22 6.76 12.01 0 775.32 560.53 45000 9999 9999
17.88 7.74 12.27 0 731.35 565.43 45000 9999 9999
16.68 7.22 11.56 0 612.28 469.35 45000 9999 9999
16.82 6.81 12.09 0.2 761.38 589.45 45000 9999 9999
18.39 8.01 12.09 0 791.37 582.96 45000 9999 9999
16.19 7.53 12.34 0 746.61 545.5 45000 9999 9999
16.14 6.11 10.5 5.8 556.78 462.91 45000 9999 9999
15.61 7.03 10.54 3.6 510.53 333.55 45000 9999 9999
17.7 6.08 11.75 0 774.5 514.81 45000 9999 9999
18.78 5.12 11.64 0 879.11 489.84 45000 9999 9999
15.72 3.33 9.67 0 885.67 490.45 45000 9999 9999
15.73 0.27 8.32 0 955.06 505.95 45000 9999 9999
15.85 0.54 8.13 0.1 845.34 539.95 45000 9999 9999
13.05 3.38 7.17 1.7 517.93 409.06 45000 9999 9999
11.44 1.92 7.11 0 941.92 605.73 45000 9999 9999
12.43 -1.74 5.44 0 920.62 619.05 45000 9999 9999
15.32 -3.04 6.29 0 1020.1 609.69 45000 9999 9999
15.11 -2.22 6.88 0 960.94 553.18 45000 9999 9999
16.13 -1.76 7.57 0 962.21 535.88 45000 9999 9999
16.01 0.24 8.54 0 899.21 509.51 43200 9999 9999
15.56 5.08 9.51 0.2 718.44 521.94 43200 9999 9999
12.58 4.78 7.95 0.3 542.37 359 43200 9999 9999
14.7 2.77 8.23 1.4 684.92 423.95 43200 9999 9999
13.44 3.12 7.44 4 453.39 403.55 43200 9999 9999
15.15 4.47 9.23 0 644.81 499.88 43200 9999 9999
15.83 2.61 8.63 2.1 671.35 442.64 43200 9999 9999
15.13 4.15 8.55 1 628.19 468.55 43200 9999 9999
15.27 4.36 9.29 0 686.39 449.61 43200 9999 9999
16.22 1.77 8.96 0 821.78 523.43 41400 9999 9999
15.72 0.72 8.44 1.5 737.55 476.67 41400 9999 9999
14.22 2.31 7.01 5.9 569.48 339.66 41400 9999 9999
13.54 4.08 7.49 0.1 515.87 380.29 41400 9999 9999
11.04 4.25 7.06 1.1 430.3 338.67 41400 9999 9999
14.75 2.54 7.24 0.5 650.88 468.33 41400 9999 9999
13.77 0.9 6.95 0.2 648.06 465.16 41400 9999 9999
14.71 3.81 7.99 0 663.13 513.61 41400 9999 9999
12.44 3.32 7.03 2.3 641.56 235.51 41400 9999 9999
7.13 0.55 3.23 5.2 302.6 313.84 41400 9999 9999
7.76 -0.48 3.16 0.1 447.4 405.26 41400 9999 9999
9.74 -3.36 3.41 0.6 495.73 406.71 41400 9999 9999
7.92 0.02 3.5 10 178.41 232.76 41400 9999 9999
10.83 -0.19 4.97 2.8 559.64 498.06 41400 9999 9999
13.89 -1.34 5.61 0.1 708.67 553.53 41400 9999 9999
13.75 -1.33 5.96 0 697.46 531.19 41400 9999 9999
12.56 0.73 6.66 0 744.69 494.27 41400 9999 9999
11.95 0.51 6.31 0 877.23 478.08 41400 9999 9999
7.17 -0.23 3.39 0 501.43 269.03 41400 9999 9999
5.47 -2.71 1.08 0 502.6 367.15 41400 9999 9999
2.91 -4.35 -1.16 0 315.65 409.97 41400 9999 9999
3.89 -6.48 -1.94 1 279.05 491.5 41400 9999 9999
9.01 -5.96 1.37 0 647 540.87 41400 9999 9999
11.48 -6.32 2.03 0 670.6 556.18 39600 9999 9999
12.3 -5.14 3.37 0 891.95 553.62 39600 9999 9999
12.5 -5.54 3.74 0 952.22 555.52 39600 9999 9999
11.3 -3.44 4.42 0 952.65 531.1 39600 9999 9999
4.67 -3.53 1.18 0 534.45 374.02 39600 9999 9999
5.44 -7.86 -1.13 0 408.96 457.24 39600 9999 9999
2.51 -4.61 -1.57 0 340.23 318.89 39600 9999 9999
4.54 -5.38 -1.11 0 354.3 417.31 39600 9999 9999
3.63 -4.14 -1.12 0 365.12 277.97 39600 9999 9999
4.35 -7.79 -2.4 0 422.03 436.86 39600 9999 9999
3.48 -8.35 -2.41 0 486.97 420.2 37800 9999 9999
1.17 -7.65 -3.66 0 305.51 397.13 37800 9999 9999
1.28 -6.58 -3.21 0 307.59 367.21 37800 9999 9999
2.6 -9.09 -3.92 0 390.49 419.04 37800 9999 9999
4.17 -9.45 -3.09 0 461.01 489.81 37800 9999 9999
4.53 -8.98 -2.02 0 559.71 526.04 37800 9999 9999
2.05 -9.8 -3.67 0 470.72 502.6 37800 9999 9999
2.24 -9.64 -3.9 0 497.35 513.85 37800 9999 9999
4.82 -11.66 -4.05 0 521.02 507.09 37800 9999 9999
4.91 -10.96 -3.04 0 549.46 506.57 37800 9999 9999
5.22 -9.98 -2.5 0 596.3 464.88 37800 9999 9999
3.5 -10.8 -3.13 0 514.93 497.82 37800 9999 9999
5.2 -11.24 -3.12 0 571.49 509.36 37800 9999 9999
4.92 -10.58 -2.78 0 528.01 378.83 37800 9999 9999
3.47 -6.64 -1.1 0 577.08 345.01 37800 9999 9999
2.5 -10.15 -3.77 0 448.59 390.51 37800 9999 9999
1.92 -10.21 -3.79 0 430.48 355.59 37800 9999 9999
2.1 -11.39 -4.5 0 419.89 415.71 37800 9999 9999
2.34 -12.42 -5.11 0 480.44 478.81 37800 9999 9999
5.09 -13.22 -4.18 0 525.08 446.48 37800 9999 9999
5.75 -11.57 -1.61 0 565.46 311.87 37800 9999 9999
2.52 -13.13 -4.15 1 119.09 287.72 37800 9999 9999
-3.42 -15.05 -9.45 0.2 168.04 437.36 37800 9999 9999
-3.26 -11.97 -8.28 0 155.59 376.94 37800 9999 9999
-0.77 -12.16 -5.99 0 265.57 397 37800 9999 9999
-0.38 -10.99 -5.29 0 279.66 405.85 37800 9999 9999
-0.79 -9.96 -5.97 0 249.31 360.73 37800 9999 9999
-1.96 -15.42 -9.51 0.7 115.41 408.65 37800 9999 9999
-4.21 -18.58 -11.64 0 122.65 458.74 37800 9999 9999
-4.58 -14.98 -9.51 0 116.39 350.53 37800 9999 9999
-4.16 -10.68 -8.18 0.1 117.76 344.93 37800 9999 9999
-4.29 -16.96 -9.38 0.9 106.8 469.98 37800 9999 9999
-8.03 -20.58 -13.83 0 92.79 358.65 37800 9999 9999
-3.58 -16.19 -9.16 0 135.04 375.55 37800 9999 9999
-3.02 -13.82 -7.47 0 220.79 402.1 37800 9999 9999
-6.83 -18.63 -13.05 0 122.52 470.2 36000 9999 9999
-6.2 -19.83 -13.51 0 105.94 483.53 36000 9999 9999
-2.5 -19.23 -10.83 0 144 487.38 36000 9999 9999
0.69 -16.41 -8.38 0 219.25 454.65 36000 9999 9999
-2.83 -17.91 -9.57 0 198.59 440.27 36000 9999 9999
3.57 -14.08 -6.18 0.1 339.9 371.07 36000 9999 9999
-0.83 -14.81 -7.85 0 214.77 446.99 36000 9999 9999
4.19 -11.31 -3.71 0 532.49 451.09 36000 9999 9999
-0.81 -15.15 -8.16 0 256.35 444.03 36000 9999 9999
-2.63 -16.25 -8.48 0 223.52 356.78 36000 9999 9999
2.96 -10.57 -4.63 0 411.39 447.96 36000 9999 9999
-1.51 -16.78 -8.78 0 241.55 401.93 36000 9999 9999
-0.75 -15.22 -7.2 0 307.48 426.35 36000 9999 9999
-2.41 -12.58 -7.69 0 257.49 177.14 36000 9999 9999
-2.17 -17.56 -9.63 0 248.51 418.83 36000 9999 9999
1.65 -15.28 -7.24 0 284.52 422.67 36000 9999 9999
0.07 -16.86 -8.24 0 277.17 407.6 36000 9999 9999
2.09 -12.82 -6.41 0 377.86 170.13 36000 9999 9999
-4.76 -13.09 -8.34 0 186.36 183.87 36000 9999 9999
0.78 -16.4 -9.19 0 270.13 422.67 36000 9999 9999
-1.93 -19.05 -10.39 0 253.49 425.92 36000 9999 9999
2.36 -16.24 -7.43 0 387.76 429.77 36000 9999 9999
0.46 -16.97 -8.69 0 340.8 320.86 36000 9999 9999
-5.48 -10.8 -7.91 0 294.39 256.27 36000 9999 9999
-6.39 -12.89 -10.23 0 248.82 422.78 36000 9999 9999
-1.19 -18.96 -10.36 0 276.52 420.63 36000 9999 9999
7.73 -12.2 -1.58 0 745.79 405.29 36000 9999 9999
8.62 -12.43 -2.72 0 517.36 354.44 36000 9999 9999
6.07 -8.11 -1.15 0 453.05 311.07 36000 9999 9999
6.1 -7.35 -0.05 0 495.95 237.04 36000 9999 9999
5.09 -10.9 -2.99 0 453.77 441.94 36000 9999 9999
-0.14 -10.42 -5.32 0 433.31 443.5 36000 9999 9999
-1.73 -16.67 -8.72 0 307.74 335.38 36000 9999 9999
4.37 -13.97 -4.44 0 493.24 437.67 36000 9999 9999
-1.83 -11.62 -6.45 0 166.69 376.22 36000 9999 9999
-3.9 -15.1 -10.07 0 295.44 462.48 36000 9999 9999
-3.98 -20.42 -11.21 0 241.49 388.08 37800 9999 9999
-5.24 -10.63 -7.79 0 219.2 242.48 37800 9999 9999
-6.71 -12.54 -10.66 0 108.7 323.75 37800 9999 9999
-8.85 -18.55 -12.26 0 189.63 465.59 37800 9999 9999
-7.65 -23.84 -16.23 0 97.12 451.41 37800 9999 9999
-4.89 -22.46 -13.04 0 124.21 464.16 37800 9999 9999
3.28 -19.14 -8.05 0 273.97 396.06 37800 9999 9999
1.49 -11.18 -3.37 0 445.87 270.95 37800 9999 9999
0.33 -10.45 -5.17 0 350.8 359.47 37800 9999 9999
-2.44 -15.16 -6.95 0 275.28 344.94 37800 9999 9999
-4.07 -12.53 -7.92 0 264.82 385.32 37800 9999 9999
-5.84 -15.69 -11.01 0.1 130.03 329.54 37800 9999 9999
-5.98 -19.83 -12.42 0 190.49 469.35 37800 9999 9999
-2.19 -16.87 -8.72 0 248.01 341.4 37800 9999 9999
-3.06 -10.96 -6.01 0 335.13 228.77 37800 9999 9999
-1.24 -13.26 -6.61 0 297.7 433.83 37800 9999 9999
2.6 -11.38 -3.84 0 363.01 254.19 37800 9999 9999
-0.56 -14.26 -5.59 0 346.07 197.89 37800 9999 9999
1.12 -12.77 -5.24 0 435.07 507.08 37800 9999 9999
0.91 -17.73 -7.87 0 383.63 356.17 37800 9999 9999
0.37 -9.38 -4.47 0 470.81 490.71 37800 9999 9999
4.15 -13.33 -4.86 0 505.87 476.04 37800 9999 9999
1.18 -9.67 -3.85 0 318.78 305.34 37800 9999 9999
1.4 -5.67 -2.96 0 207.3 293.48 37800 9999 9999
0.05 -12.89 -6.17 0 311.87 501.16 37800 9999 9999
-0.44 -14.91 -6.9 0 364.2 407.81 37800 9999 9999
0.39 -11.54 -4.87 0 414.45 359.33 37800 9999 9999
-5.08 -10.3 -7.35 0 279.38 316.6 37800 9999 9999
-4.63 -18.18 -10.04 0 270.82 310.54 37800 9999 9999
-1.67 -14.87 -7.87 0 301.53 279.14 37800 9999 9999
1.33 -15.84 -5.59 0 434.7 339.31 37800 9999 9999
-0.86 -9.94 -4.04 0 448.45 455.4 37800 9999 9999
1.36 -11.98 -5.11 0 456.68 534.42 37800 9999 9999
4.3 -15.05 -4.52 0 500.55 439.25 37800 9999 9999
2.11 -7.42 -1.36 0 546.09 315.74 37800 9999 9999
-1.98 -10.5 -4.34 0 404.32 232.77 39600 9999 9999
2.39 -9.51 -3.65 0 495.9 497.71 39600 9999 9999
2.2 -7.35 -1.9 0 493.89 213.67 39600 9999 9999
1.31 -10.43 -5.53 0 129.39 200.27 39600 9999 9999
4.09 -10.38 -1.81 0 567.63 389.59 39600 9999 9999
6.26 -3.84 1.35 0 668.7 407.77 39600 9999 9999
5.96 -8.98 0.26 0 651.66 478.42 39600 9999 9999
5.45 -14.09 -1.74 0 619.86 461.86 39600 9999 9999
3.76 -8.25 -1.26 0 587.22 552.11 39600 9999 9999
2.77 -9.15 -4.05 0 406.48 309.44 39600 9999 9999
-1.69 -13.84 -7.25 0 251.34 385.27 41400 9999 9999
0.15 -15.9 -7.2 0 322.77 358.57 41400 9999 9999
2.73 -11.23 -3.51 0 415.47 236.68 41400 9999 9999
1.55 -9.79 -2.42 0 529.73 357.12 41400 9999 9999
4.88 -12.63 -2.8 0 593.57 459.08 41400 9999 9999
2.83 -5.73 -1.1 0 495.58 261.77 41400 9999 9999
4.98 -12.59 -1.98 0 591.85 499.91 41400 9999 9999
2.66 -7.62 -2.89 0 340.77 347.78 41400 9999 9999
4.67 -12.31 -4.19 0.3 378.93 519.96 41400 9999 9999
5.88 -9.25 -1.02 0 551.57 483.56 41400 9999 9999
6.42 -6.65 0.53 0 641.95 402.93 41400 9999 9999
3.78 -6.07 -0.78 0 503.33 420.7 41400 9999 9999
5.14 -5.54 -0.01 0 655.87 558.99 41400 9999 9999
6.89 -9.75 -0.62 0 623.28 386.88 41400 9999 9999
6.37 -7.03 0.8 0 612.37 562.45 41400 9999 9999
8.04 -5.72 1.38 0 614.77 445.04 41400 9999 9999
5.42 -3.9 0.78 0 557.69 334.47 41400 9999 9999
0.51 -5.71 -2.55 0 310.53 297.56 41400 9999 9999
3 -11.4 -3.91 0 459.82 630.19 41400 9999 9999
8.44 -12.27 -2.12 0 647.45 622.59 41400 9999 9999
10.35 -11.3 -0.07 0 750.14 559.76 41400 9999 9999
10.06 -7.7 2.47 0 795.29 513.89 41400 9999 9999
9.45 -3.54 3.44 0 733.85 444.79 43200 9999 9999
10.2 -7.03 2.05 0 695.64 571.8 43200 9999 9999
6.05 -4.98 0.23 0 470.5 345.57 43200 9999 9999
4.62 -7.17 -1.1 0 394.28 364.16 43200 9999 9999
4.9 -4.81 -0.48 0 583.14 607.2 43200 9999 9999
5.53 -8.01 -0.88 0 502.96 365.57 43200 9999 9999
3.14 -10.42 -2.66 2.3 351.66 429.51 43200 9999 9999
3.64 -6.37 -1.63 0 509.15 403.77 43200 9999 9999
0.73 -6.46 -2.81 0 338.17 486.83 43200 9999 9999
4.14 -9.81 -2.37 0 494.32 614.23 45000 9999 9999
4.17 -5.44 -0.16 0 593.23 441.33 45000 9999 9999
4.79 -4.48 0.73 0 580.25 363.46 45000 9999 9999
3.82 -4.51 -0.45 0 436.74 376.81 45000 9999 9999
8.39 -6.4 1.52 0 670.61 475.2 45000 9999 9999
5.13 -4.17 1.56 0 629.16 573.17 45000 9999 9999
2.84 -5.98 -0.85 0 522.46 475.4 45000 9999 9999
3.17 -3.08 -0.03 0 498.62 382.16 45000 9999 9999
3.67 -5.41 -3.07 0.9 190.96 397.13 45000 9999 9999
2.86 -8.14 -2.6 0.9 340.64 571.34 45000 9999 9999
9.87 -9.44 0.3 0 659.02 586.29 45000 9999 9999
10.8 -2.18 4.83 0 929.08 538.43 45000 9999 9999
10.25 -0.35 5.84 0 939.86 500.01 45000 9999 9999
9.99 -2.34 4.8 0 959.71 519.44 45000 9999 9999
10.46 -2.55 5.55 0 935.87 443.96 45000 9999 9999
12.44 -2.89 6.12 0 1035.96 588.43 45000 9999 9999
7.71 -3.97 3.44 0 807.62 429.95 45000 9999 9999
5.73 -3.6 1.91 0 715.22 572.78 45000 9999 9999
8.12 -8.23 1.07 0 731.06 499.45 45000 9999 9999
10.66 -5.61 3.62 0 837.8 506.36 45000 9999 9999
10.05 -2.11 4.67 0 915.96 578.53 45000 9999 9999
11.11 -7.04 3.29 0 905.9 645.94 45000 9999 9999
9.58 -2.84 4.71 0 929.66 442.73 45000 9999 9999
9.32 -4.9 3.75 0 757.51 460.32 46800 9999 9999
6.21 -4.12 1.78 0 502.28 471.89 46800 9999 9999
4.3 -2.79 0 0.8 202.06 259.89 46800 9999 9999
8.77 -3.92 2.37 0 693.84 642.17 46800 9999 9999
8.72 -3.6 2.33 0 552.15 442.83 46800 9999 9999
11.13 -5.87 2.63 0 688 498.92 46800 9999 9999
9.84 -1.86 3.79 0 542.42 330.05 46800 9999 9999
12.69 -4.22 3.96 0 684.62 491.12 46800 9999 9999
8.23 -0.71 2.51 1.4 240.47 266.95 46800 9999 9999
7.98 -0.7 2.73 0.1 383.81 354.37 46800 9999 9999
6.8 -2.87 1.7 1.3 365.68 294.68 46800 9999 9999
5.47 -3.72 0.81 1.8 303.82 403.94 48600 9999 9999
8.1 -3.45 2.48 0 494.76 455.33 48600 9999 9999
9.64 -0.68 2.75 0 389.21 413.3 48600 9999 9999
7.09 -1.09 1.4 0.6 291.82 372.65 48600 9999 9999
8.57 -1.61 2.27 0 398.87 505.28 48600 9999 9999
10.58 -3.76 3.66 0 592.97 488.18 48600 9999 9999
9.23 -1.9 3.48 0 473.19 392.45 48600 9999 9999
8.85 -1.12 3.46 0.7 418.51 391.44 48600 9999 9999
5.17 -0.44 1.47 5.9 118.13 271.23 48600 9999 9999
9.51 -0.58 4 0.3 486.74 504.15 48600 9999 9999
10.42 -0.87 4.95 0.3 506.47 484.98 48600 9999 9999
14.99 0.84 7.35 2.3 737.77 551.99 48600 9999 9999
11.16 1.38 6.7 0 855.94 603.42 48600 9999 9999
7.83 -2.12 3.52 0.8 439.67 430 48600 9999 9999
4.9 -0.57 1.46 0.1 184.49 274.56 48600 9999 9999
4.54 -2.76 0.45 2.5 169.76 335.08 48600 9999 9999
4.44 -2.03 0.31 0.3 237.51 342.24 48600 9999 9999
4.66 -3.53 0.19 0.1 278.04 403.1 48600 9999 9999
8.15 -3.6 2.03 0 411.71 390.58 48600 9999 9999
7.44 -0.19 3.44 0.1 471.1 447.79 48600 9999 9999
7.02 -2.73 1.73 0.2 321.43 341.61 48600 9999 9999
7.79 -1.42 2.31 0.1 382.72 337.55 48600 9999 9999
7.26 -1.99 2.49 0.4 366.77 344.61 48600 9999 9999
10.81 -2.26 4.39 0 622.75 515.12 48600 9999 9999
11.09 -3.03 4.47 5.7 490.54 578.58 48600 9999 9999
12.27 0.79 6.67 0 640.44 483.09 48600 9999 9999
15.28 0.57 8.29 0 1001.81 641.71 48600 9999 9999
17.21 -0.51 9.18 0 1192.82 613.5 48600 9999 9999
17.93 2.78 10.67 0 1285.02 661.07 48600 9999 9999
14.26 4.44 9.39 0 1078.61 577.47 48600 9999 9999
18.41 0.77 10.23 0 1220.8 629.04 48600 9999 9999
19.14 1.7 11.18 0 1270.89 550.19 48600 9999 9999
14.55 4.01 9.89 0 781.47 508.79 48600 9999 9999
13.98 3.93 8.92 0.1 651.27 505.07 48600 9999 9999
16.49 4.53 10.95 0 941.39 435.2 50400 9999 9999
15.52 2.38 8.87 5.7 557.53 449.13 50400 9999 9999
6.5 1.12 3.72 13.2 117.57 178.78 50400 9999 9999
8.41 1.59 4.72 5.5 248.76 314.78 50400 9999 9999
10.79 1.43 5.18 6.5 241.52 405.89 50400 9999 9999
13.17 0.19 6.52 11.7 306.29 454.38 50400 9999 9999
13.05 2.69 7.79 11.8 342.03 503 50400 9999 9999
15.32 5.37 10.24 0 664.77 609.45 50400 9999 9999
16.54 4.57 10.87 0 863.55 589.44 50400 9999 9999
17.9 6.62 12.08 0 915.55 549.61 50400 9999 9999
15.93 6.17 10.4 3.2 609.19 429.49 50400 9999 9999
17.45 6 10.29 1.5 595.83 417.56 50400 9999 9999
18.4 6.66 12.04 0.4 871.82 548.52 50400 9999 9999
21.06 4.1 12.85 0 1132.78 604.31 50400 9999 9999
19.56 6.09 12.3 0 965.05 522.47 50400 9999 9999
18.44 6.73 11.54 0.9 731.75 496.3 50400 9999 9999
19.64 9.17 14.45 0 1142 550.23 50400 9999 9999
16.11 6.54 10.4 9 595.06 413.71 50400 9999 9999
16.1 4.97 10.12 0.1 604.98 536.62 50400 9999 9999
14.17 5.99 9.23 1 431.02 401.14 50400 9999 9999
17.36 3.77 9.89 1.5 633.11 499.52 50400 9999 9999
10.88 6.64 8.64 2.7 268.99 328.52 50400 9999 9999
12.54 3.79 7.1 0.7 475.6 367.45 50400 9999 9999
15.03 0.79 8.2 0 816.85 670.99 50400 9999 9999
19.39 0.71 10.76 0 1136.51 572.86 50400 9999 9999
19.39 3.99 11.41 0 1039.05 485.9 50400 9999 9999
16.5 3.25 10.8 0.4 819.3 502.13 50400 9999 9999
17.09 5.49 11.36 4.9 699.96 494.33 50400 9999 9999
17.23 6.27 11.06 9.9 577.44 459.76 50400 9999 9999
19.03 7.22 11.78 6.3 764.51 399.52 50400 9999 9999
17.18 7.53 11.65 1.9 649.71 448.12 50400 9999 9999
20.35 8.28 13.88 0 966.09 539.72 50400 9999 9999
20.06 9.26 13.94 0.3 932.92 435.4 50400 9999 9999
19.67 9.57 14.58 0 1178.2 511.95 50400 9999 9999
20.65 6.11 13.86 0 1181.6 592.65 50400 9999 9999
21.21 5.51 13.03 0 1089.6 563.65 50400 9999 9999
19.76 5.9 13.04 0 1015.56 420.35 50400 9999 9999
18.29 7.82 12.42 0.3 765.79 409.5 50400 9999 9999
18 4.92 12.4 0.1 1171.88 568.62 48600 9999 9999
16.56 3.92 11.33 0 1051.39 404.59 48600 9999 9999
16.74 2.29 10.11 0 959.43 482.28 48600 9999 9999
17.59 1.58 10.55 0 974.39 480.7 48600 9999 9999
19.71 4.3 12.38 0 1106.33 567.2 48600 9999 9999
16.48 8.56 12 0 772.06 377.32 48600 9999 9999
13.31 6.84 9.79 5.1 339.4 298.28 48600 9999 9999
15.5 5.08 9.16 16.8 399.68 395.5 48600 9999 9999
13.44 7.8 10.05 1 368.18 334.12 48600 9999 9999
17.68 7.29 10.7 1.4 578.86 432.86 48600 9999 9999
16.41 7.2 11.1 1.6 636.27 489.08 48600 9999 9999
16.69 6.67 10.34 7.7 517.75 426.27 48600 9999 9999
14.22 5.65 9.48 6.4 418.47 377.04 48600 9999 9999
15.17 8.36 11.14 4.6 460.19 359.92 48600 9999 9999
14.37 6.38 10.47 9.1 398.96 336.73 48600 9999 9999
15.47 5.53 10.12 5.7 405.23 438.68 48600 9999 9999
15.69 6.52 11.11 1.1 500.3 438.2 48600 9999 9999
17.51 7.92 12.74 0 745.82 551.13 48600 9999 9999
19.08 9.02 13.3 0 766.39 506.54 48600 9999 9999
16.42 8.37 12.16 1.3 532.8 327.74 48600 9999 9999
15.77 7.43 11.45 13.9 358.93 339.71 48600 9999 9999
17.56 8.75 10.96 9.8 378.43 330.02 48600 9999 9999
17.99 8.26 12.28 12.1 577.4 424.92 48600 9999 9999
15.79 7.33 10.29 8.7 316.74 295.78 48600 9999 9999
18.02 8.85 12.53 0.1 566.21 418.52 48600 9999 9999
15.43 7.48 11.59 5 469.5 187.81 48600 9999 9999
18.06 6.66 11.81 2.3 736.44 509.57 48600 9999 9999
12.76 7.55 9.82 11.1 232.91 172.38 48600 9999 9999
15.21 6.67 10.48 14.9 448.11 350.13 48600 9999 9999
15.88 6.23 10.48 4.3 502.62 439.32 48600 9999 9999
15.49 8.56 11.78 2 507.5 385.08 48600 9999 9999
16.24 8.77 11.82 0 538.7 386.92 48600 9999 9999
17.65 7.31 12.33 0 655.3 482.63 48600 9999 9999
18.56 9.12 12.87 0 671.4 586.14 48600 9999 9999
18.42 8.43 12.46 10.3 638.44 516.01 46800 9999 9999
17.5 7.4 11.56 2.2 528.11 407.53 46800 9999 9999
14.59 8 11.02 6.7 402.01 240.66 46800 9999 9999
13.57 5.94 9.39 6.4 342.17 372.96 46800 9999 9999
13.77 8.23 10.42 8.7 318.2 327.25 46800 9999 9999
13.24 6.24 9.18 14.7 279.72 295.36 46800 9999 9999
12.57 7.05 9.35 10.5 254.29 297.24 46800 9999 9999
13.64 7.28 9.56 13.6 339.13 298.72 46800 9999 9999
14.94 4.4 8.83 12.9 369.67 439.75 46800 9999 9999
15.95 5.26 9.13 9.2 465.47 424.35 46800 9999 9999
14.63 6.57 9.49 2.3 399.88 367.4 46800 9999 9999
14.31 7.1 9.92 3.8 381.25 355.29 45000 9999 9999
13.74 4.18 8.68 15 310.89 472.74 45000 9999 9999
11.68 6.12 8.41 18.1 256.04 304.6 45000 9999 9999
15.7 5.5 9.13 4.9 396.16 454.36 45000 9999 9999
16.34 6.96 10.74 0 602.21 584.1 45000 9999 9999
17.46 5.59 11.48 0 734.68 596.37 45000 9999 9999
17.89 5.09 12.02 0.1 775.54 635.95 45000 9999 9999
17.55 6.09 11.38 1.1 729.86 547.34 45000 9999 9999
14.6 6.02 10.53 0 589.7 393.59 45000 9999 9999
13.77 6.96 9.11 2.7 321.28 313.64 45000 9999 9999
13.28 5.98 9.05 2.3 419.31 319.01 45000 9999 9999
13.86 6.38 9.59 0.3 535.32 409.62 45000 9999 9999
15.01 2.94 9.27 0 796.62 491.33 45000 9999 9999
14.96 0.89 8.53 0 881.13 567.05 45000 9999 9999
13.66 1.67 8.16 0 919.59 632.7 45000 9999 9999
15.23 -0.6 7.38 0 890.62 615.4 45000 9999 9999
15.53 -0.44 8.08 0 856.43 576.89 45000 9999 9999
15.17 1.49 8.07 0 693.82 517.87 45000 9999 9999
13.42 2.7 8.36 0 616.1 486.91 45000 9999 9999
13.91 5.74 9.31 0.1 552.74 421.01 45000 9999 9999
15.59 3.95 9.77 3.6 600.38 536.7 45000 9999 9999
15.52 3.54 8.81 7.4 643.79 496.29 45000 9999 9999
12.75 3.75 7.13 7.9 397.6 327.38 45000 9999 9999
12.04 4.07 7.94 0.1 420.06 402.13 43200 9999 9999
12.1 3.1 7.37 16.7 260.28 296.98 43200 9999 9999
14.39 5.08 9.62 0.9 583.48 482.61 43200 9999 9999
15.05 6.2 9.36 2.4 587.22 489.93 43200 9999 9999
14.76 4.55 8.8 0 528.1 450.81 43200 9999 9999
15.78 2.25 9.43 0 668.18 542.08 43200 9999 9999
15.85 6.3 10.19 0 695.15 561.14 43200 9999 9999
13.38 4.75 7.88 0.8 432.73 409.77 43200 9999 9999
12.99 2.83 7.14 0.7 385.68 388.45 43200 9999 9999
16.19 4.14 9.4 0 656 523.56 41400 9999 9999
14.46 3.05 8.61 0 563 462.88 41400 9999 9999
16.63 5.51 10.53 0 825.7 520.91 41400 9999 9999
15.74 4.41 9.68 0.7 820.07 534.31 41400 9999 9999
15.95 1.04 8.35 0 757.93 579.48 41400 9999 9999
16.37 1.29 8.72 0 846.84 523.25 41400 9999 9999
16.47 2.5 9.09 0 917.19 551.34 41400 9999 9999
13.11 3.79 8.24 0 727.12 510.28 41400 9999 9999
12.71 1.06 6.93 0.7 575.97 450.98 41400 9999 9999
10.74 3.07 5.32 5.3 304.03 289.4 41400 9999 9999
11.74 2.82 5.88 2.7 429.93 365.23 41400 9999 9999
11.73 1.47 5.77 0.1 600.91 443.13 41400 9999 9999
10.84 -1.18 4.28 0.9 451.7 422.62 41400 9999 9999
8.19 -0.07 3.33 2 362.69 373.54 41400 9999 9999
6.37 -1.18 1.74 1.3 172.8 342.14 41400 9999 9999
9.13 -0.65 3.85 0.8 514.82 395.64 41400 9999 9999
10.12 -0.65 3.77 0.1 615.34 479.86 41400 9999 9999
11.51 -3.31 3.83 0.1 764.97 554.99 41400 9999 9999
11.82 -4.08 3.86 0.1 830.86 567.21 41400 9999 9999
11.23 -1.51 4.34 0 891.76 560.77 41400 9999 9999
10.92 -4.97 3.11 0 850.85 473.45 41400 9999 9999
12.48 -5.85 2.97 0 851.32 492.36 41400 9999 9999
13.31 -6.22 3.48 0 904.67 541.4 41400 9999 9999
11.86 -1.83 5.05 0 959.53 570.29 39600 9999 9999
12.63 -1.88 4.99 0 897.79 510.44 39600 9999 9999
10.3 -0.82 5.35 0 699.4 329.19 39600 9999 9999
10.3 -0.34 3.96 1.3 623.29 336.08 39600 9999 9999
7.13 -2.52 0.6 8.6 172.29 340.59 39600 9999 9999
-0.57 -6.38 -2.87 1.5 43.91 327.91 39600 9999 9999
-0.22 -8.12 -4.64 0 174.73 492.57 39600 9999 9999
5.02 -8.11 -2.05 0.1 296.43 548.36 39600 9999 9999
7.54 -5.46 0.77 0.1 443.79 540.05 39600 9999 9999
6.22 -3.49 1.45 0 474.58 395.72 39600 9999 9999
5.4 -5.49 -0.46 0 478.44 547.86 37800 9999 9999
7.23 -6.25 -0.15 0 501.51 541.64 37800 9999 9999
5.08 -5.25 -0.39 0 446.18 388.82 37800 9999 9999
3.6 -9.12 -2.32 1.1 264.11 447.8 37800 9999 9999
2.18 -6.03 -2.12 0.1 319.43 404.31 37800 9999 9999
4.36 -7.02 -1.4 0 451.77 539.73 37800 9999 9999
6.75 -6.58 -0.8 0 566.64 529.51 37800 9999 9999
5.84 -6.34 -0.77 0 648.15 541.19 37800 9999 9999
4.4 -8.64 -2.65 0 511.77 502.66 37800 9999 9999
4.78 -9.75 -3 0 440.06 514 37800 9999 9999
7.36 -9.6 -1.35 0 605.7 514.51 37800 9999 9999
6.25 -9.45 -1.88 0 610.44 515.54 37800 9999 9999
4.24 -8.96 -2.44 0 562.15 499.71 37800 9999 9999
3.17 -9.42 -3.39 0 521.39 497.65 37800 9999 9999
6.3 -10.92 -3.04 0 528.18 456.5 37800 9999 9999
8.67 -9.99 -1.2 0 674.54 492.52 37800 9999 9999
7.41 -9.95 -1.08 0 603.12 489.44 37800 9999 9999
8.59 -10.38 -1.33 0 680.39 486.04 37800 9999 9999
9.75 -9.43 -0.83 0 673.22 440.19 37800 9999 9999
9.99 -9.54 -0.09 0 791.5 451.06 37800 9999 9999
8.77 -4.55 2.3 0 857.91 455.1 37800 9999 9999
0.48 -9.8 -3.83 0 461.47 479.62 37800 9999 9999
4.68 -13.85 -5.34 0 433.48 377.1 37800 9999 9999
5.12 -11.38 -3.18 0 530.53 412.77 37800 9999 9999
7.29 -11.83 -1.94 0 591.12 445.01 37800 9999 9999
4.34 -8.84 -1.22 0 581.6 387.38 37800 9999 9999
2.93 -8.97 -3.01 0 474.57 319.12 37800 9999 9999
2.59 -11.81 -4.87 0 457.52 434.23 37800 9999 9999
2.04 -12.25 -5.83 0 442.15 449.56 37800 9999 9999
3.45 -14.04 -5.95 0 458.37 446.23 37800 9999 9999
7.28 -12.77 -3.76 0 612.17 458.2 37800 9999 9999
7.16 -13.29 -3.81 0 582.12 446.76 37800 9999 9999
6.45 -13.23 -3.36 0 663.46 451.41 37800 9999 9999
7.12 -14.18 -4.07 0 616.7 434.06 37800 9999 9999
6.7 -12.78 -3.54 0 643.8 401.29 37800 9999 9999
9.26 -11.91 -2.63 0 689.42 453.7 36000 9999 9999
7.41 -13.89 -4.32 0 594.34 456.99 36000 9999 9999
8.92 -14.08 -3.14 0 681.95 444.77 36000 9999 9999
0.25 -13.81 -5.24 0 410.18 399.94 36000 9999 9999
0.86 -16.78 -7.88 0 391.79 451.01 36000 9999 9999
2.15 -14.82 -6.93 0 422.21 442.78 36000 9999 9999
4.2 -14.78 -6.47 0 478.49 448.66 36000 9999 9999
5.79 -15.29 -5.39 0 574.68 451.32 36000 9999 9999
6.67 -13.06 -0.98 0 691.74 444.4 36000 9999 9999
1.16 -9.82 -3.32 0 517.9 453.59 36000 9999 9999
1.32 -16.71 -8.38 0 374.39 439.18 36000 9999 9999
2.56 -16.82 -7.5 0 413.64 439.34 36000 9999 9999
2.91 -16.51 -7.16 0 434.55 436.95 36000 9999 9999
5.08 -15.13 -6.18 0 487.11 435.41 36000 9999 9999
6.86 -14.25 -5.14 0 549.64 423.21 36000 9999 9999
5.8 -13.43 -5.12 0 514.38 434.3 36000 9999 9999
5.43 -15.98 -5.54 0 561.98 444.21 36000 9999 9999
3.56 -16.35 -5.96 0 481.1 446.13 36000 9999 9999
4.14 -15.79 -7.41 0 451.83 434.95 36000 9999 9999
3.66 -17.42 -7.27 0 444.39 432.32 36000 9999 9999
0.76 -9.74 -5.21 0 430.58 298.71 36000 9999 9999
1.87 -16.73 -6.66 0 414.56 430 36000 9999 9999
0.55 -13.66 -6.62 0 378.32 434.2 36000 9999 9999
-3.35 -12.56 -7.79 0 290.17 329.56 36000 9999 9999
-3.97 -19.26 -11.27 0 277.69 435.68 36000 9999 9999
-0.27 -18.78 -10.55 0 317.84 394.53 36000 9999 9999
0.87 -17.14 -7.58 0 370.22 367.42 36000 9999 9999
0.16 -10.24 -4.87 0 357.07 373.77 36000 9999 9999
2.02 -17.69 -8.95 0 362.54 437.84 36000 9999 9999
7.1 -16.15 -5.58 0 605.65 443.99 36000 9999 9999
