   0.00000000	   0.00000000	   0.00000000	   0.00000000	   0.00000000	   0.00000000	   0.00000000	   0.00000000	   0.02294684	   0.00000000	
   0.00000000	   0.00000000	   0.00000000	   0.00000000	   0.00000000	   0.00000000	   0.00000000	   0.00000000	   0.00031568	   0.00000000	
   0.00000000	   0.00000000	   0.00000000	   0.00000000	   0.00000000	   0.00000000	   0.00000000	   0.00000000	   0.00020592	   0.00000000	
   0.00000000	   0.00000000	   0.00000000	   0.00000000	   0.00000000	   0.00000000	   0.00000000	   0.00000000	   0.22340490	   0.00000000	
   0.00004426	  -0.00002805	  -0.00002805	   0.00022719	   0.00015181	   0.00003112	   0.00007231	   0.00797852	   0.53495002	   0.03321708	
   0.00074707	   0.00009847	   0.00009847	   0.00133090	   0.00036116	   0.00022266	   0.00064860	   0.03933431	   1.58127236	   0.21570739	
   0.00070116	  -0.00004607	  -0.00004607	   0.00134631	   0.00043615	   0.00020901	   0.00074723	   0.03825413	   1.61232698	   0.20196201	
   0.00077706	   0.00007652	   0.00007652	   0.00149906	   0.00049011	   0.00023189	   0.00070054	   0.02393730	   0.97426379	   0.26253882	
   0.00067365	  -0.00011472	  -0.00011472	   0.00127721	   0.00040259	   0.00020096	   0.00078837	   0.00676762	   0.61899585	   0.21639518	
   0.00008686	  -0.00061393	  -0.00061393	   0.00017933	   0.00006679	   0.00002568	   0.00070079	   0.00242379	   0.24326272	   0.02781463	
   0.00000000	  -0.00039997	  -0.00039997	   0.00000000	   0.00000000	   0.00000000	   0.00039997	   0.00000000	   0.00043607	   0.00000000	
   0.00000000	  -0.00018569	  -0.00018569	   0.00000000	   0.00000000	   0.00000000	   0.00018569	   0.00000000	   0.00009043	   0.00000000	
   0.00000000	  -0.00020367	  -0.00020367	   0.00000000	   0.00000000	   0.00000000	   0.00020367	   0.00000000	   0.00004586	   0.00000000	
   0.00000000	  -0.00025700	  -0.00025700	   0.00000000	   0.00000000	   0.00000000	   0.00025700	   0.00000000	   0.00004025	   0.00000000	
   0.00000000	  -0.00036104	  -0.00036104	   0.00000000	   0.00000000	   0.00000000	   0.00036104	   0.00000000	   0.00003279	   0.00000000	
   0.00000000	  -0.00046468	  -0.00046468	   0.00000000	   0.00000000	   0.00000000	   0.00046468	   0.00000000	   0.15336050	   0.00000000	
   0.00015842	  -0.00034146	  -0.00034146	   0.00025458	   0.00004958	   0.00004658	   0.00049988	   0.00062163	   0.46145532	   0.03842998	
   0.00034801	  -0.00042359	  -0.00042359	   0.00059967	   0.00014818	   0.00010347	   0.00077160	   0.00737837	   1.15624845	   0.11399151	
   0.00032047	  -0.00048479	  -0.00048479	   0.00060327	   0.00018751	   0.00009528	   0.00080526	   0.00890624	   1.01392126	   0.11894275	
   0.00028517	  -0.00043995	  -0.00043995	   0.00055981	   0.00018988	   0.00008476	   0.00072512	   0.02001973	   1.45122206	   0.08393523	
   0.00028542	  -0.00037349	  -0.00037349	   0.00052242	   0.00015210	   0.00008490	   0.00065891	   0.00450501	   0.68623000	   0.08179597	
   0.00004916	  -0.00054269	  -0.00054269	   0.00009014	   0.00002650	   0.00001448	   0.00059185	   0.00065399	   0.36661586	   0.01137361	
   0.00000000	  -0.00024524	  -0.00024524	   0.00000000	   0.00000000	   0.00000000	   0.00024524	   0.00000000	   0.00279984	   0.00000000	
   0.00000000	  -0.00013363	  -0.00013363	   0.00000000	   0.00000000	   0.00000000	   0.00013363	   0.00000000	   0.00022652	   0.00000000	
   0.00000000	   0.00000000	   0.00000000	   0.00000000	   0.00000000	   0.00000000	   0.00000000	   0.00000000	   0.02294684	   0.00000000	
   0.00000000	   0.00000000	   0.00000000	   0.00000000	   0.00000000	   0.00000000	   0.00000000	   0.00000000	   0.00031568	   0.00000000	
   0.00000000	   0.00000000	   0.00000000	   0.00000000	   0.00000000	   0.00000000	   0.00000000	   0.00000000	   0.00020592	   0.00000000	
   0.00000000	   0.00000000	   0.00000000	   0.00000000	   0.00000000	   0.00000000	   0.00000000	   0.00000000	   0.22340490	   0.00000000	
   0.00004004	  -0.00003338	  -0.00003338	   0.00022174	   0.00015180	   0.00002990	   0.00007343	   0.00747151	   0.53588611	   0.03116378	
   0.00069937	   0.00004993	   0.00004993	   0.00126794	   0.00036023	   0.00020835	   0.00064944	   0.03676004	   1.58604491	   0.20188744	
   0.00063206	  -0.00011453	  -0.00011453	   0.00125243	   0.00043209	   0.00018827	   0.00074659	   0.03549261	   1.61819208	   0.18782827	
   0.00069617	  -0.00000386	  -0.00000386	   0.00138585	   0.00048206	   0.00020762	   0.00070004	   0.02205326	   0.97810972	   0.24246074	
   0.00061379	  -0.00017829	  -0.00017829	   0.00119014	   0.00039334	   0.00018300	   0.00079208	   0.00619052	   0.62100816	   0.19850503	
   0.00008179	  -0.00062221	  -0.00062221	   0.00017099	   0.00006505	   0.00002415	   0.00070401	   0.00221041	   0.24381848	   0.02540227	
   0.00000000	  -0.00040009	  -0.00040009	   0.00000000	   0.00000000	   0.00000000	   0.00040009	   0.00000000	   0.00043607	   0.00000000	
   0.00000000	  -0.00017798	  -0.00017798	   0.00000000	   0.00000000	   0.00000000	   0.00017798	   0.00000000	   0.00009043	   0.00000000	
   0.00000000	  -0.00019609	  -0.00019609	   0.00000000	   0.00000000	   0.00000000	   0.00019609	   0.00000000	   0.00004586	   0.00000000	
   0.00000000	  -0.00024995	  -0.00024995	   0.00000000	   0.00000000	   0.00000000	   0.00024995	   0.00000000	   0.00004025	   0.00000000	
   0.00000000	  -0.00035373	  -0.00035373	   0.00000000	   0.00000000	   0.00000000	   0.00035373	   0.00000000	   0.00003279	   0.00000000	
   0.00000000	  -0.00045713	  -0.00045713	   0.00000000	   0.00000000	   0.00000000	   0.00045713	   0.00000000	   0.15336050	   0.00000000	
   0.00013265	  -0.00036022	  -0.00036022	   0.00021661	   0.00004511	   0.00003885	   0.00049287	   0.00053026	   0.46201283	   0.03276538	
   0.00028893	  -0.00047366	  -0.00047366	   0.00050871	   0.00013403	   0.00008574	   0.00076259	   0.00625509	   1.15954316	   0.09671713	
   0.00026214	  -0.00053537	  -0.00053537	   0.00050807	   0.00016815	   0.00007778	   0.00079750	   0.00746818	   1.01734877	   0.10015212	
   0.00023049	  -0.00048818	  -0.00048818	   0.00046784	   0.00016900	   0.00006836	   0.00071867	   0.01668609	   1.45695770	   0.07020009	
   0.00023027	  -0.00041231	  -0.00041231	   0.00043299	   0.00013437	   0.00006835	   0.00064258	   0.00372682	   0.68793499	   0.06781981	
   0.00003925	  -0.00051979	  -0.00051979	   0.00007398	   0.00002324	   0.00001150	   0.00055903	   0.00053729	   0.36702430	   0.00935708	
   0.00000000	  -0.00023431	  -0.00023431	   0.00000000	   0.00000000	   0.00000000	   0.00023431	   0.00000000	   0.00279984	   0.00000000	
   0.00000000	  -0.00012852	  -0.00012852	   0.00000000	   0.00000000	   0.00000000	   0.00012852	   0.00000000	   0.00022652	   0.00000000	
   0.00000000	   0.00000000	   0.00000000	   0.00000000	   0.00000000	   0.00000000	   0.00000000	   0.00000000	   0.02294684	   0.00000000	
   0.00000000	   0.00000000	   0.00000000	   0.00000000	   0.00000000	   0.00000000	   0.00000000	   0.00000000	   0.00031568	   0.00000000	
   0.00000000	   0.00000000	   0.00000000	   0.00000000	   0.00000000	   0.00000000	   0.00000000	   0.00000000	   0.00020592	   0.00000000	
   0.00000000	   0.00000000	   0.00000000	   0.00000000	   0.00000000	   0.00000000	   0.00000000	   0.00000000	   0.22340490	   0.00000000	
   0.00004034	  -0.00003308	  -0.00003308	   0.00022206	   0.00015180	   0.00002992	   0.00007342	   0.00747159	   0.53588557	   0.03121911	
   0.00069936	   0.00004992	   0.00004992	   0.00126794	   0.00036023	   0.00020835	   0.00064943	   0.03676029	   1.58604467	   0.20188731	
   0.00063206	  -0.00011453	  -0.00011453	   0.00125244	   0.00043210	   0.00018828	   0.00074659	   0.03549288	   1.61819124	   0.18782969	
   0.00069618	  -0.00000386	  -0.00000386	   0.00138586	   0.00048206	   0.00020762	   0.00070004	   0.02205346	   0.97810918	   0.24246286	
   0.00061379	  -0.00017829	  -0.00017829	   0.00119014	   0.00039334	   0.00018301	   0.00079208	   0.00619058	   0.62100798	   0.19850701	
   0.00008179	  -0.00062222	  -0.00062222	   0.00017099	   0.00006505	   0.00002415	   0.00070401	   0.00221044	   0.24381840	   0.02540255	
   0.00000000	  -0.00040010	  -0.00040010	   0.00000000	   0.00000000	   0.00000000	   0.00040010	   0.00000000	   0.00043607	   0.00000000	
   0.00000000	  -0.00017799	  -0.00017799	   0.00000000	   0.00000000	   0.00000000	   0.00017799	   0.00000000	   0.00009043	   0.00000000	
   0.00000000	  -0.00019609	  -0.00019609	   0.00000000	   0.00000000	   0.00000000	   0.00019609	   0.00000000	   0.00004586	   0.00000000	
   0.00000000	  -0.00024995	  -0.00024995	   0.00000000	   0.00000000	   0.00000000	   0.00024995	   0.00000000	   0.00004025	   0.00000000	
   0.00000000	  -0.00035374	  -0.00035374	   0.00000000	   0.00000000	   0.00000000	   0.00035374	   0.00000000	   0.00003279	   0.00000000	
   0.00000000	  -0.00045714	  -0.00045714	   0.00000000	   0.00000000	   0.00000000	   0.00045714	   0.00000000	   0.15336050	   0.00000000	
   0.00013266	  -0.00036022	  -0.00036022	   0.00021662	   0.00004512	   0.00003885	   0.00049288	   0.00053028	   0.46201265	   0.03276686	
   0.00028894	  -0.00047365	  -0.00047365	   0.00050873	   0.00013403	   0.00008575	   0.00076260	   0.00625538	   1.15954232	   0.09672163	
   0.00026215	  -0.00053536	  -0.00053536	   0.00050809	   0.00016816	   0.00007779	   0.00079751	   0.00746856	   1.01734781	   0.10015703	
   0.00023050	  -0.00048818	  -0.00048818	   0.00046786	   0.00016900	   0.00006836	   0.00071867	   0.01668697	   1.45695591	   0.07020370	
   0.00023028	  -0.00041230	  -0.00041230	   0.00043302	   0.00013437	   0.00006836	   0.00064259	   0.00372703	   0.68793452	   0.06782351	
   0.00003925	  -0.00051980	  -0.00051980	   0.00007399	   0.00002324	   0.00001150	   0.00055905	   0.00053732	   0.36702421	   0.00935762	
   0.00000000	  -0.00023431	  -0.00023431	   0.00000000	   0.00000000	   0.00000000	   0.00023431	   0.00000000	   0.00279984	   0.00000000	
   0.00000000	  -0.00012852	  -0.00012852	   0.00000000	   0.00000000	   0.00000000	   0.00012852	   0.00000000	   0.00022652	   0.00000000	
   0.00000000	   0.00000000	   0.00000000	   0.00000000	   0.00000000	   0.00000000	   0.00000000	   0.00000000	   0.02294684	   0.00000000	
   0.00000000	   0.00000000	   0.00000000	   0.00000000	   0.00000000	   0.00000000	   0.00000000	   0.00000000	   0.00031568	   0.00000000	
   0.00000000	   0.00000000	   0.00000000	   0.00000000	   0.00000000	   0.00000000	   0.00000000	   0.00000000	   0.00020592	   0.00000000	
   0.00000000	   0.00000000	   0.00000000	   0.00000000	   0.00000000	   0.00000000	   0.00000000	   0.00000000	   0.22340490	   0.00000000	
   0.00004034	  -0.00003308	  -0.00003308	   0.00022206	   0.00015180	   0.00002992	   0.00007342	   0.00747159	   0.53588557	   0.07357520	
   0.00069936	   0.00004992	   0.00004992	   0.00126794	   0.00036023	   0.00020835	   0.00064943	   0.03676029	   1.58604467	   0.14887558	
   0.00063206	  -0.00011453	  -0.00011453	   0.00125244	   0.00043210	   0.00018828	   0.00074659	   0.03549288	   1.61819124	   0.16559900	
   0.00069618	  -0.00000386	  -0.00000386	   0.00138586	   0.00048206	   0.00020762	   0.00070004	   0.02205346	   0.97810918	   0.17669205	
   0.00061379	  -0.00017829	  -0.00017829	   0.00119014	   0.00039334	   0.00018301	   0.00079208	   0.00619058	   0.62100798	   0.15849689	
   0.00008179	  -0.00062222	  -0.00062222	   0.00017099	   0.00006505	   0.00002415	   0.00070401	   0.00221044	   0.24381840	   0.03200476	
   0.00000000	  -0.00040010	  -0.00040010	   0.00000000	   0.00000000	   0.00000000	   0.00040010	   0.00000000	   0.00043607	   0.00000000	
   0.00000000	  -0.00017799	  -0.00017799	   0.00000000	   0.00000000	   0.00000000	   0.00017799	   0.00000000	   0.00009043	   0.00000000	
   0.00000000	  -0.00019609	  -0.00019609	   0.00000000	   0.00000000	   0.00000000	   0.00019609	   0.00000000	   0.00004586	   0.00000000	
   0.00000000	  -0.00024995	  -0.00024995	   0.00000000	   0.00000000	   0.00000000	   0.00024995	   0.00000000	   0.00004025	   0.00000000	
   0.00000000	  -0.00035374	  -0.00035374	   0.00000000	   0.00000000	   0.00000000	   0.00035374	   0.00000000	   0.00003279	   0.00000000	
   0.00000000	  -0.00045714	  -0.00045714	   0.00000000	   0.00000000	   0.00000000	   0.00045714	   0.00000000	   0.15336050	   0.00000000	
   0.00013266	  -0.00036022	  -0.00036022	   0.00021662	   0.00004512	   0.00003885	   0.00049288	   0.00053028	   0.46201265	   0.02257290	
   0.00028894	  -0.00047365	  -0.00047365	   0.00050873	   0.00013403	   0.00008575	   0.00076260	   0.00625538	   1.15954232	   0.05086809	
   0.00026215	  -0.00053536	  -0.00053536	   0.00050809	   0.00016816	   0.00007779	   0.00079751	   0.00746856	   1.01734781	   0.05745830	
   0.00023050	  -0.00048818	  -0.00048818	   0.00046786	   0.00016900	   0.00006836	   0.00071867	   0.01668697	   1.45695591	   0.06129152	
   0.00023028	  -0.00041230	  -0.00041230	   0.00043302	   0.00013437	   0.00006836	   0.00064259	   0.00372703	   0.68793452	   0.05504739	
   0.00003925	  -0.00051980	  -0.00051980	   0.00007399	   0.00002324	   0.00001150	   0.00055905	   0.00053732	   0.36702421	   0.01126553	
   0.00000000	  -0.00023431	  -0.00023431	   0.00000000	   0.00000000	   0.00000000	   0.00023431	   0.00000000	   0.00279984	   0.00000000	
   0.00000000	  -0.00012852	  -0.00012852	   0.00000000	   0.00000000	   0.00000000	   0.00012852	   0.00000000	   0.00022652	   0.00000000	
   0.00000000	   0.00000000	   0.00000000	   0.00000000	   0.00000000	   0.00000000	   0.00000000	   0.00000000	   0.02294684	   0.00000000	
   0.00000000	   0.00000000	   0.00000000	   0.00000000	   0.00000000	   0.00000000	   0.00000000	   0.00000000	   0.00031568	   0.00000000	
   0.00000000	   0.00000000	   0.00000000	   0.00000000	   0.00000000	   0.00000000	   0.00000000	   0.00000000	   0.00020592	   0.00000000	
   0.00000000	   0.00000000	   0.00000000	   0.00000000	   0.00000000	   0.00000000	   0.00000000	   0.00000000	   0.22340490	   0.00000000	
   0.00018450	   0.00012466	   0.00012466	   0.00039253	   0.00015232	   0.00005571	   0.00005984	   0.02198774	   0.51163954	   0.24874207	
   0.00113882	   0.00051776	   0.00051776	   0.00184815	   0.00036772	   0.00034162	   0.00062106	   0.08530498	   1.50035787	   0.34475759	
   0.00165810	   0.00088876	   0.00088876	   0.00263162	   0.00047611	   0.00049740	   0.00076935	   0.08029504	   1.45031309	   0.37465510	
   0.00177447	   0.00106137	   0.00106137	   0.00288683	   0.00058005	   0.00053231	   0.00071309	   0.05042346	   0.92335230	   0.40412349	
   0.00100894	   0.00024352	   0.00024352	   0.00177382	   0.00046222	   0.00030266	   0.00076542	   0.01408297	   0.59468949	   0.36137071	
   0.00014228	  -0.00053368	  -0.00053368	   0.00020446	   0.00001951	   0.00004268	   0.00067595	   0.00492669	   0.23692264	   0.07136700	
  -0.00000003	  -0.00038646	  -0.00038646	   0.00000000	   0.00000003	   0.00000000	   0.00038644	   0.00000000	   0.00043606	   0.00004458	
  -0.00000002	  -0.00025756	  -0.00025756	   0.00000000	   0.00000002	   0.00000000	   0.00025754	   0.00000000	   0.00009042	   0.00004421	
  -0.00000002	  -0.00030422	  -0.00030422	   0.00000000	   0.00000002	   0.00000000	   0.00030420	   0.00000000	   0.00004586	   0.00004384	
  -0.00000002	  -0.00041501	  -0.00041501	   0.00000000	   0.00000002	   0.00000000	   0.00041499	   0.00000000	   0.00004025	   0.00004349	
  -0.00000003	  -0.00060212	  -0.00060212	   0.00000000	   0.00000003	   0.00000000	   0.00060210	   0.00000000	   0.00003279	   0.00004314	
  -0.00000003	  -0.00067219	  -0.00067219	   0.00000000	   0.00000003	   0.00000000	   0.00067215	   0.00000027	   0.15336022	   0.00004278	
   0.00027630	  -0.00040078	  -0.00040078	   0.00045463	   0.00009547	   0.00008287	   0.00067707	   0.00112290	   0.45843771	   0.04778983	
   0.00059718	  -0.00040111	  -0.00040111	   0.00105965	   0.00028334	   0.00017913	   0.00099829	   0.01322843	   1.13946545	   0.10755903	
   0.00053814	  -0.00045578	  -0.00045578	   0.00105456	   0.00035500	   0.00016142	   0.00099392	   0.01576536	   0.99780285	   0.12131862	
   0.00047093	  -0.00039318	  -0.00039318	   0.00096848	   0.00035629	   0.00014126	   0.00086411	   0.03518564	   1.42562425	   0.12923583	
   0.00047228	  -0.00036581	  -0.00036581	   0.00089682	   0.00028287	   0.00014167	   0.00083808	   0.00784720	   0.63078380	   0.11590537	
   0.00008112	  -0.00067071	  -0.00067071	   0.00015443	   0.00004887	   0.00002444	   0.00075183	   0.00113047	   0.36496651	   0.02370321	
   0.00000000	  -0.00037068	  -0.00037068	   0.00000000	   0.00000000	   0.00000000	   0.00037068	   0.00000000	   0.00279984	   0.00000000	
   0.00000000	  -0.00018585	  -0.00018585	   0.00000000	   0.00000000	   0.00000000	   0.00018585	   0.00000000	   0.00022652	   0.00000000	
   0.00000000	   0.00000000	   0.00000000	   0.00000000	   0.00000000	   0.00000000	   0.00000000	   0.00000000	   0.02294684	   0.00000000	
   0.00000000	   0.00000000	   0.00000000	   0.00000000	   0.00000000	   0.00000000	   0.00000000	   0.00000000	   0.00031568	   0.00000000	
   0.00000000	   0.00000000	   0.00000000	   0.00000000	   0.00000000	   0.00000000	   0.00000000	   0.00000000	   0.00020592	   0.00000000	
   0.00000000	   0.00000000	   0.00000000	   0.00000000	   0.00000000	   0.00000000	   0.00000000	   0.00000000	   0.22340490	   0.00000000	
   0.00018450	   0.00012466	   0.00012466	   0.00039253	   0.00015232	   0.00005571	   0.00005984	   0.02198774	   0.51163954	   0.24874207	
   0.00113882	   0.00051776	   0.00051776	   0.00184815	   0.00036772	   0.00034162	   0.00062106	   0.08530498	   1.50035787	   0.34475759	
   0.00165810	   0.00088876	   0.00088876	   0.00263162	   0.00047611	   0.00049740	   0.00076935	   0.08029504	   1.45031309	   0.37465510	
   0.00177447	   0.00106137	   0.00106137	   0.00288683	   0.00058005	   0.00053231	   0.00071309	   0.05042346	   0.92335230	   0.40412349	
   0.00100894	   0.00024352	   0.00024352	   0.00177382	   0.00046222	   0.00030266	   0.00076542	   0.01408297	   0.59468949	   0.36137071	
   0.00014228	  -0.00053368	  -0.00053368	   0.00020446	   0.00001951	   0.00004268	   0.00067595	   0.00492669	   0.23692264	   0.07136700	
  -0.00000003	  -0.00038646	  -0.00038646	   0.00000000	   0.00000003	   0.00000000	   0.00038644	   0.00000000	   0.00043606	   0.00004458	
  -0.00000002	  -0.00025756	  -0.00025756	   0.00000000	   0.00000002	   0.00000000	   0.00025754	   0.00000000	   0.00009042	   0.00004421	
  -0.00000002	  -0.00030422	  -0.00030422	   0.00000000	   0.00000002	   0.00000000	   0.00030420	   0.00000000	   0.00004586	   0.00004384	
  -0.00000002	  -0.00041501	  -0.00041501	   0.00000000	   0.00000002	   0.00000000	   0.00041499	   0.00000000	   0.00004025	   0.00004349	
  -0.00000003	  -0.00060212	  -0.00060212	   0.00000000	   0.00000003	   0.00000000	   0.00060210	   0.00000000	   0.00003279	   0.00004314	
  -0.00000003	  -0.00067219	  -0.00067219	   0.00000000	   0.00000003	   0.00000000	   0.00067215	   0.00000027	   0.15336022	   0.00004278	
   0.00027630	  -0.00040078	  -0.00040078	   0.00045463	   0.00009547	   0.00008287	   0.00067707	   0.00112290	   0.45843771	   0.04778983	
   0.00059718	  -0.00040111	  -0.00040111	   0.00105965	   0.00028334	   0.00017913	   0.00099829	   0.01322843	   1.13946545	   0.10755903	
   0.00053814	  -0.00045578	  -0.00045578	   0.00105456	   0.00035500	   0.00016142	   0.00099392	   0.01576536	   0.99780285	   0.12131862	
   0.00047093	  -0.00039318	  -0.00039318	   0.00096848	   0.00035629	   0.00014126	   0.00086411	   0.03518564	   1.42562425	   0.12923583	
   0.00047228	  -0.00036581	  -0.00036581	   0.00089682	   0.00028287	   0.00014167	   0.00083808	   0.00784720	   0.63078380	   0.11590537	
   0.00008112	  -0.00067071	  -0.00067071	   0.00015443	   0.00004887	   0.00002444	   0.00075183	   0.00113047	   0.36496651	   0.02370321	
   0.00000000	  -0.00037068	  -0.00037068	   0.00000000	   0.00000000	   0.00000000	   0.00037068	   0.00000000	   0.00279984	   0.00000000	
   0.00000000	  -0.00018585	  -0.00018585	   0.00000000	   0.00000000	   0.00000000	   0.00018585	   0.00000000	   0.00022652	   0.00000000	
   0.00000000	   0.00000000	   0.00000000	   0.00000000	   0.00000000	   0.00000000	   0.00000000	   0.00000000	   0.02294684	   0.00000000	
   0.00000000	   0.00000000	   0.00000000	   0.00000000	   0.00000000	   0.00000000	   0.00000000	   0.00000000	   0.00031568	   0.00000000	
   0.00000000	   0.00000000	   0.00000000	   0.00000000	   0.00000000	   0.00000000	   0.00000000	   0.00000000	   0.00020592	   0.00000000	
   0.00000000	   0.00000000	   0.00000000	   0.00000000	   0.00000000	   0.00000000	   0.00000000	   0.00000000	   0.22340490	   0.00000000	
   0.00023567	   0.00017871	   0.00017871	   0.00045933	   0.00015295	   0.00007070	   0.00005696	   0.02949430	   0.50007999	   0.34239691	
   0.00116831	   0.00056751	   0.00056751	   0.00188810	   0.00036930	   0.00035049	   0.00060080	   0.11017599	   1.46001816	   0.44484636	
   0.00187516	   0.00110041	   0.00110041	   0.00292017	   0.00048245	   0.00056255	   0.00077475	   0.10204296	   1.40693140	   0.47611976	
   0.00192380	   0.00121193	   0.00121193	   0.00309598	   0.00059505	   0.00057714	   0.00071187	   0.06343704	   0.90040243	   0.50828063	
   0.00103010	   0.00028317	   0.00028317	   0.00179604	   0.00045691	   0.00030903	   0.00074693	   0.01750905	   0.58414298	   0.44939974	
   0.00016626	  -0.00049931	  -0.00049931	   0.00020525	  -0.00001090	   0.00004989	   0.00066557	   0.00609045	   0.23407856	   0.08823337	
  -0.00000004	  -0.00038342	  -0.00038342	   0.00000000	   0.00000004	   0.00000000	   0.00038337	   0.00000000	   0.00043606	   0.00007154	
  -0.00000003	  -0.00025340	  -0.00025340	   0.00000000	   0.00000003	   0.00000000	   0.00025336	   0.00000000	   0.00009042	   0.00007095	
  -0.00000003	  -0.00029738	  -0.00029738	   0.00000000	   0.00000003	   0.00000000	   0.00029734	   0.00000000	   0.00004586	   0.00007035	
  -0.00000004	  -0.00039510	  -0.00039510	   0.00000000	   0.00000004	   0.00000000	   0.00039506	   0.00000000	   0.00004025	   0.00006978	
  -0.00000005	  -0.00060610	  -0.00060610	   0.00000000	   0.00000005	   0.00000000	   0.00060605	   0.00000000	   0.00003279	   0.00006922	
  -0.00000005	  -0.00083778	  -0.00083778	   0.00000000	   0.00000005	   0.00000000	   0.00083773	   0.00000044	   0.15336007	   0.00006865	
   0.00029903	  -0.00047932	  -0.00047932	   0.00049220	   0.00010348	   0.00008970	   0.00077835	   0.00121754	   0.45787370	   0.05181267	
   0.00064509	  -0.00047099	  -0.00047099	   0.00114564	   0.00030703	   0.00019352	   0.00111608	   0.01433640	   1.13633585	   0.11656427	
   0.00058064	  -0.00050705	  -0.00050705	   0.00113938	   0.00038456	   0.00017419	   0.00108769	   0.01707863	   0.99477446	   0.13143189	
   0.00050770	  -0.00042136	  -0.00042136	   0.00104585	   0.00038584	   0.00015231	   0.00092906	   0.03810710	   1.42078817	   0.13996595	
   0.00050941	  -0.00037792	  -0.00037792	   0.00096847	   0.00030624	   0.00015282	   0.00088734	   0.00849611	   0.62916076	   0.12549043	
   0.00008765	  -0.00067824	  -0.00067824	   0.00016695	   0.00005289	   0.00002641	   0.00076588	   0.00122369	   0.36464632	   0.02565762	
   0.00000000	  -0.00040778	  -0.00040778	   0.00000000	   0.00000000	   0.00000000	   0.00040778	   0.00000000	   0.00279984	   0.00000000	
   0.00000000	  -0.00020173	  -0.00020173	   0.00000000	   0.00000000	   0.00000000	   0.00020173	   0.00000000	   0.00022652	   0.00000000	
   0.00000000	   0.00000000	   0.00000000	   0.00000000	   0.00000000	   0.00000000	   0.00000000	   0.00000000	   0.02294684	   0.00000000	
   0.00000000	   0.00000000	   0.00000000	   0.00000000	   0.00000000	   0.00000000	   0.00000000	   0.00000000	   0.00031568	   0.00000000	
   0.00000000	   0.00000000	   0.00000000	   0.00000000	   0.00000000	   0.00000000	   0.00000000	   0.00000000	   0.00020592	   0.00000000	
   0.00000000	   0.00000000	   0.00000000	   0.00000000	   0.00000000	   0.00000000	   0.00000000	   0.00000000	   0.22340490	   0.00000000	
   0.00023567	   0.00017871	   0.00017871	   0.00045933	   0.00015295	   0.00007070	   0.00005696	   0.02949430	   0.50007999	   0.34239691	
   0.00116831	   0.00056751	   0.00056751	   0.00188810	   0.00036930	   0.00035049	   0.00060080	   0.11017599	   1.46001816	   0.44484636	
   0.00187516	   0.00110041	   0.00110041	   0.00292017	   0.00048245	   0.00056255	   0.00077475	   0.10204296	   1.40693140	   0.47611976	
   0.00192380	   0.00121193	   0.00121193	   0.00309598	   0.00059505	   0.00057714	   0.00071187	   0.06343704	   0.90040243	   0.50828063	
   0.00103010	   0.00028317	   0.00028317	   0.00179604	   0.00045691	   0.00030903	   0.00074693	   0.01750905	   0.58414298	   0.44939974	
   0.00016626	  -0.00049931	  -0.00049931	   0.00020525	  -0.00001090	   0.00004989	   0.00066557	   0.00609045	   0.23407856	   0.08823337	
  -0.00000004	  -0.00038342	  -0.00038342	   0.00000000	   0.00000004	   0.00000000	   0.00038337	   0.00000000	   0.00043606	   0.00007154	
  -0.00000003	  -0.00025340	  -0.00025340	   0.00000000	   0.00000003	   0.00000000	   0.00025336	   0.00000000	   0.00009042	   0.00007095	
  -0.00000003	  -0.00029738	  -0.00029738	   0.00000000	   0.00000003	   0.00000000	   0.00029734	   0.00000000	   0.00004586	   0.00007035	
  -0.00000004	  -0.00039510	  -0.00039510	   0.00000000	   0.00000004	   0.00000000	   0.00039506	   0.00000000	   0.00004025	   0.00006978	
  -0.00000005	  -0.00060610	  -0.00060610	   0.00000000	   0.00000005	   0.00000000	   0.00060605	   0.00000000	   0.00003279	   0.00006922	
  -0.00000005	  -0.00083778	  -0.00083778	   0.00000000	   0.00000005	   0.00000000	   0.00083773	   0.00000044	   0.15336007	   0.00006865	
   0.00029903	  -0.00047932	  -0.00047932	   0.00049220	   0.00010348	   0.00008970	   0.00077835	   0.00121754	   0.45787370	   0.05181267	
   0.00064509	  -0.00047099	  -0.00047099	   0.00114564	   0.00030703	   0.00019352	   0.00111608	   0.01433640	   1.13633585	   0.11656427	
   0.00058064	  -0.00050705	  -0.00050705	   0.00113938	   0.00038456	   0.00017419	   0.00108769	   0.01707863	   0.99477446	   0.13143189	
   0.00050770	  -0.00042136	  -0.00042136	   0.00104585	   0.00038584	   0.00015231	   0.00092906	   0.03810710	   1.42078817	   0.13996595	
   0.00050941	  -0.00037792	  -0.00037792	   0.00096847	   0.00030624	   0.00015282	   0.00088734	   0.00849611	   0.62916076	   0.12549043	
   0.00008765	  -0.00067824	  -0.00067824	   0.00016695	   0.00005289	   0.00002641	   0.00076588	   0.00122369	   0.36464632	   0.02565762	
   0.00000000	  -0.00040778	  -0.00040778	   0.00000000	   0.00000000	   0.00000000	   0.00040778	   0.00000000	   0.00279984	   0.00000000	
   0.00000000	  -0.00020173	  -0.00020173	   0.00000000	   0.00000000	   0.00000000	   0.00020173	   0.00000000	   0.00022652	   0.00000000	
   0.00000000	   0.00000000	   0.00000000	   0.00000000	   0.00000000	   0.00000000	   0.00000000	   0.00000000	   0.02294684	   0.00000000	
   0.00000000	   0.00000000	   0.00000000	   0.00000000	   0.00000000	   0.00000000	   0.00000000	   0.00000000	   0.00031568	   0.00000000	
   0.00000000	   0.00000000	   0.00000000	   0.00000000	   0.00000000	   0.00000000	   0.00000000	   0.00000000	   0.00020592	   0.00000000	
   0.00000000	   0.00000000	   0.00000000	   0.00000000	   0.00000000	   0.00000000	   0.00000000	   0.00000000	   0.22340490	   0.00000000	
   0.00036228	   0.00031020	   0.00031020	   0.00062660	   0.00015563	   0.00010869	   0.00005209	   0.02964114	   0.49985084	   0.34358233	
   0.00131696	   0.00076844	   0.00076844	   0.00209035	   0.00037830	   0.00039509	   0.00054852	   0.11105437	   1.45865810	   0.44849953	
   0.00193612	   0.00119468	   0.00119468	   0.00301438	   0.00049742	   0.00058084	   0.00074145	   0.10327516	   1.37416565	   0.48185733	
   0.00201131	   0.00133071	   0.00133071	   0.00322865	   0.00061395	   0.00060339	   0.00068059	   0.06430355	   0.89893699	   0.51521975	
   0.00133310	   0.00068420	   0.00068420	   0.00221122	   0.00047819	   0.00039993	   0.00064890	   0.01786119	   0.58312613	   0.45808136	
   0.00025251	  -0.00037192	  -0.00037192	   0.00032356	  -0.00000471	   0.00007576	   0.00062443	   0.00630177	   0.23356161	   0.09130802	
  -0.00000004	  -0.00037376	  -0.00037376	   0.00000000	   0.00000004	   0.00000000	   0.00037372	   0.00000000	   0.00043606	   0.00007063	
  -0.00000003	  -0.00024690	  -0.00024690	   0.00000000	   0.00000003	   0.00000000	   0.00024686	   0.00000000	   0.00009042	   0.00007004	
  -0.00000003	  -0.00028816	  -0.00028816	   0.00000000	   0.00000003	   0.00000000	   0.00028812	   0.00000000	   0.00004586	   0.00006945	
  -0.00000004	  -0.00037916	  -0.00037916	   0.00000000	   0.00000004	   0.00000000	   0.00037912	   0.00000000	   0.00004025	   0.00006889	
  -0.00000005	  -0.00056571	  -0.00056571	   0.00000000	   0.00000005	   0.00000000	   0.00056566	   0.00000000	   0.00003279	   0.00006833	
  -0.00000005	  -0.00086141	  -0.00086141	   0.00000000	   0.00000005	   0.00000000	   0.00086136	   0.00000043	   0.15336007	   0.00006776	
   0.00077999	  -0.00007561	  -0.00007561	   0.00113607	   0.00012209	   0.00023399	   0.00085560	   0.00141954	   0.45662120	   0.06096842	
   0.00177263	   0.00063262	   0.00063262	   0.00269583	   0.00039142	   0.00053178	   0.00114001	   0.01809258	   1.12541091	   0.14840098	
   0.00201384	   0.00089100	   0.00089100	   0.00316632	   0.00054832	   0.00060415	   0.00112284	   0.02488413	   0.97756982	   0.18764289	
   0.00200467	   0.00104098	   0.00104098	   0.00322163	   0.00061556	   0.00060140	   0.00096369	   0.06085064	   1.38426995	   0.22355457	
   0.00133784	   0.00054303	   0.00054303	   0.00226386	   0.00052467	   0.00040135	   0.00079481	   0.01455551	   0.58609408	   0.21500462	
   0.00026390	  -0.00044705	  -0.00044705	   0.00043680	   0.00009350	   0.00007940	   0.00071095	   0.00215639	   0.36147073	   0.04539169	
   0.00000000	  -0.00044450	  -0.00044450	   0.00000000	   0.00000000	   0.00000000	   0.00044450	   0.00000000	   0.00279984	   0.00000000	
   0.00000000	  -0.00032542	  -0.00032542	   0.00000000	   0.00000000	   0.00000000	   0.00032542	   0.00000000	   0.00022652	   0.00000000	
   0.00000000	   0.00000000	   0.00000000	   0.00000000	   0.00000000	   0.00000000	   0.00000000	   0.00000000	   0.02294684	   0.00000000	
   0.00000000	   0.00000000	   0.00000000	   0.00000000	   0.00000000	   0.00000000	   0.00000000	   0.00000000	   0.00031568	   0.00000000	
   0.00000000	   0.00000000	   0.00000000	   0.00000000	   0.00000000	   0.00000000	   0.00000000	   0.00000000	   0.00020592	   0.00000000	
   0.00000000	   0.00000000	   0.00000000	   0.00000000	   0.00000000	   0.00000000	   0.00000000	   0.00000000	   0.22340490	   0.00000000	
   0.00036228	   0.00031020	   0.00031020	   0.00062660	   0.00015563	   0.00010869	   0.00005209	   0.02964114	   0.49985084	   0.34358233	
   0.00131696	   0.00076844	   0.00076844	   0.00209035	   0.00037830	   0.00039509	   0.00054852	   0.11105437	   1.45865810	   0.44849953	
   0.00193612	   0.00119468	   0.00119468	   0.00301438	   0.00049742	   0.00058084	   0.00074145	   0.10327516	   1.37416565	   0.48185733	
   0.00201131	   0.00133071	   0.00133071	   0.00322865	   0.00061395	   0.00060339	   0.00068059	   0.06430355	   0.89893699	   0.51521975	
   0.00133310	   0.00068420	   0.00068420	   0.00221122	   0.00047819	   0.00039993	   0.00064890	   0.01786119	   0.58312613	   0.45808136	
   0.00025251	  -0.00037192	  -0.00037192	   0.00032356	  -0.00000471	   0.00007576	   0.00062443	   0.00630177	   0.23356161	   0.09130802	
  -0.00000004	  -0.00037376	  -0.00037376	   0.00000000	   0.00000004	   0.00000000	   0.00037372	   0.00000000	   0.00043606	   0.00007063	
  -0.00000003	  -0.00024690	  -0.00024690	   0.00000000	   0.00000003	   0.00000000	   0.00024686	   0.00000000	   0.00009042	   0.00007004	
  -0.00000003	  -0.00028816	  -0.00028816	   0.00000000	   0.00000003	   0.00000000	   0.00028812	   0.00000000	   0.00004586	   0.00006945	
  -0.00000004	  -0.00037916	  -0.00037916	   0.00000000	   0.00000004	   0.00000000	   0.00037912	   0.00000000	   0.00004025	   0.00006889	
  -0.00000005	  -0.00056571	  -0.00056571	   0.00000000	   0.00000005	   0.00000000	   0.00056566	   0.00000000	   0.00003279	   0.00006833	
  -0.00000005	  -0.00086141	  -0.00086141	   0.00000000	   0.00000005	   0.00000000	   0.00086136	   0.00000043	   0.15336007	   0.00006776	
   0.00077999	  -0.00007561	  -0.00007561	   0.00113607	   0.00012209	   0.00023399	   0.00085560	   0.00141954	   0.45662120	   0.06096842	
   0.00177263	   0.00063262	   0.00063262	   0.00269583	   0.00039142	   0.00053178	   0.00114001	   0.01809258	   1.12541091	   0.14840098	
   0.00201384	   0.00089100	   0.00089100	   0.00316632	   0.00054832	   0.00060415	   0.00112284	   0.02488413	   0.97756982	   0.18764289	
   0.00200467	   0.00104098	   0.00104098	   0.00322163	   0.00061556	   0.00060140	   0.00096369	   0.06085064	   1.38426995	   0.22355457	
   0.00133784	   0.00054303	   0.00054303	   0.00226386	   0.00052467	   0.00040135	   0.00079481	   0.01455551	   0.58609408	   0.21500462	
   0.00026390	  -0.00044705	  -0.00044705	   0.00043680	   0.00009350	   0.00007940	   0.00071095	   0.00215639	   0.36147073	   0.04539169	
   0.00000000	  -0.00044450	  -0.00044450	   0.00000000	   0.00000000	   0.00000000	   0.00044450	   0.00000000	   0.00279984	   0.00000000	
   0.00000000	  -0.00032542	  -0.00032542	   0.00000000	   0.00000000	   0.00000000	   0.00032542	   0.00000000	   0.00022652	   0.00000000	
   0.00000000	   0.00000000	   0.00000000	   0.00000000	   0.00000000	   0.00000000	   0.00000000	   0.00000000	   0.02294684	   0.00000000	
   0.00000000	   0.00000000	   0.00000000	   0.00000000	   0.00000000	   0.00000000	   0.00000000	   0.00000000	   0.00031568	   0.00000000	
   0.00000000	   0.00000000	   0.00000000	   0.00000000	   0.00000000	   0.00000000	   0.00000000	   0.00000000	   0.00020592	   0.00000000	
   0.00000000	   0.00000000	   0.00000000	   0.00000000	   0.00000000	   0.00000000	   0.00000000	   0.00000000	   0.22340490	   0.00000000	
   0.00028460	   0.00023060	   0.00023060	   0.00052422	   0.00015425	   0.00008538	   0.00005399	   0.02209288	   0.51146364	   0.24959783	
   0.00128714	   0.00071987	   0.00071987	   0.00204894	   0.00037567	   0.00038614	   0.00056726	   0.08607876	   1.49909592	   0.34797412	
   0.00195299	   0.00120756	   0.00120756	   0.00303417	   0.00049528	   0.00058590	   0.00074543	   0.08186705	   1.44713104	   0.38201445	
   0.00202119	   0.00133836	   0.00133836	   0.00324138	   0.00061382	   0.00060636	   0.00068284	   0.05195770	   0.92060745	   0.41653249	
   0.00131900	   0.00065392	   0.00065392	   0.00221271	   0.00049800	   0.00039570	   0.00066508	   0.01466151	   0.59291363	   0.37588724	
   0.00022805	  -0.00040602	  -0.00040602	   0.00032442	   0.00002795	   0.00006842	   0.00063407	   0.00521430	   0.23620658	   0.07554545	
  -0.00000003	  -0.00037564	  -0.00037564	   0.00000000	   0.00000003	   0.00000000	   0.00037561	   0.00000000	   0.00043606	   0.00004349	
  -0.00000002	  -0.00024909	  -0.00024909	   0.00000000	   0.00000002	   0.00000000	   0.00024907	   0.00000000	   0.00009042	   0.00004313	
  -0.00000002	  -0.00029201	  -0.00029201	   0.00000000	   0.00000002	   0.00000000	   0.00029199	   0.00000000	   0.00004586	   0.00004276	
  -0.00000002	  -0.00038722	  -0.00038722	   0.00000000	   0.00000002	   0.00000000	   0.00038719	   0.00000000	   0.00004025	   0.00004242	
  -0.00000003	  -0.00059168	  -0.00059168	   0.00000000	   0.00000003	   0.00000000	   0.00059166	   0.00000000	   0.00003279	   0.00004207	
  -0.00000003	  -0.00082497	  -0.00082497	   0.00000000	   0.00000003	   0.00000000	   0.00082493	   0.00000027	   0.15336022	   0.00004172	
   0.00077903	   0.00004361	   0.00004361	   0.00113287	   0.00012013	   0.00023371	   0.00073542	   0.00139557	   0.45676211	   0.05996867	
   0.00176958	   0.00072817	   0.00072817	   0.00268672	   0.00038627	   0.00053087	   0.00104141	   0.01784529	   1.12608826	   0.14642939	
   0.00200360	   0.00096597	   0.00096597	   0.00314669	   0.00054201	   0.00060108	   0.00103763	   0.02460135	   0.97819841	   0.18547115	
   0.00199485	   0.00109268	   0.00109268	   0.00320262	   0.00060932	   0.00059845	   0.00090217	   0.06023342	   1.38524485	   0.22127542	
   0.00130135	   0.00053501	   0.00053501	   0.00221075	   0.00051900	   0.00039040	   0.00076634	   0.01439803	   0.58649367	   0.21266481	
   0.00024716	  -0.00044951	  -0.00044951	   0.00041377	   0.00009224	   0.00007437	   0.00069667	   0.00212777	   0.36156854	   0.04476919	
   0.00000000	  -0.00043714	  -0.00043714	   0.00000000	   0.00000000	   0.00000000	   0.00043714	   0.00000000	   0.00279984	   0.00000000	
   0.00000000	  -0.00032071	  -0.00032071	   0.00000000	   0.00000000	   0.00000000	   0.00032071	   0.00000000	   0.00022652	   0.00000000	
   0.00000000	   0.00000000	   0.00000000	   0.00000000	   0.00000000	   0.00000000	   0.00000000	   0.00000000	   0.02294684	   0.00000000	
   0.00000000	   0.00000000	   0.00000000	   0.00000000	   0.00000000	   0.00000000	   0.00000000	   0.00000000	   0.00031568	   0.00000000	
   0.00000000	   0.00000000	   0.00000000	   0.00000000	   0.00000000	   0.00000000	   0.00000000	   0.00000000	   0.00020592	   0.00000000	
   0.00000000	   0.00000000	   0.00000000	   0.00000000	   0.00000000	   0.00000000	   0.00000000	   0.00000000	   0.22340490	   0.00000000	
   0.00028460	   0.00023060	   0.00023060	   0.00052422	   0.00015425	   0.00008538	   0.00005399	   0.02209288	   0.51146364	   0.24959783	
   0.00128714	   0.00071987	   0.00071987	   0.00204894	   0.00037567	   0.00038614	   0.00056726	   0.08607876	   1.49909592	   0.34797412	
   0.00195299	   0.00120756	   0.00120756	   0.00303417	   0.00049528	   0.00058590	   0.00074543	   0.08186705	   1.44713104	   0.38201445	
   0.00202119	   0.00133836	   0.00133836	   0.00324138	   0.00061382	   0.00060636	   0.00068284	   0.05195770	   0.92060745	   0.41653249	
   0.00131900	   0.00065392	   0.00065392	   0.00221271	   0.00049800	   0.00039570	   0.00066508	   0.01466151	   0.59291363	   0.37588724	
   0.00022805	  -0.00040602	  -0.00040602	   0.00032442	   0.00002795	   0.00006842	   0.00063407	   0.00521430	   0.23620658	   0.07554545	
  -0.00000003	  -0.00037564	  -0.00037564	   0.00000000	   0.00000003	   0.00000000	   0.00037561	   0.00000000	   0.00043606	   0.00004349	
  -0.00000002	  -0.00024909	  -0.00024909	   0.00000000	   0.00000002	   0.00000000	   0.00024907	   0.00000000	   0.00009042	   0.00004313	
  -0.00000002	  -0.00029201	  -0.00029201	   0.00000000	   0.00000002	   0.00000000	   0.00029199	   0.00000000	   0.00004586	   0.00004276	
  -0.00000002	  -0.00038722	  -0.00038722	   0.00000000	   0.00000002	   0.00000000	   0.00038719	   0.00000000	   0.00004025	   0.00004242	
  -0.00000003	  -0.00059168	  -0.00059168	   0.00000000	   0.00000003	   0.00000000	   0.00059166	   0.00000000	   0.00003279	   0.00004207	
  -0.00000003	  -0.00082497	  -0.00082497	   0.00000000	   0.00000003	   0.00000000	   0.00082493	   0.00000027	   0.15336022	   0.00004172	
   0.00142423	   0.00087962	   0.00087962	   0.00198591	   0.00013441	   0.00042727	   0.00054461	   0.00693824	   0.43847618	   0.26129922	
   0.00199445	   0.00113786	   0.00113786	   0.00301366	   0.00042087	   0.00059833	   0.00085659	   0.04387907	   1.05937517	   0.35245210	
   0.00212292	   0.00120271	   0.00120271	   0.00334588	   0.00058609	   0.00063687	   0.00092021	   0.05118653	   0.92215925	   0.39265767	
   0.00206941	   0.00120566	   0.00120566	   0.00334404	   0.00065381	   0.00062082	   0.00086375	   0.11674903	   1.26537991	   0.42872262	
   0.00136718	   0.00062987	   0.00062987	   0.00229085	   0.00051352	   0.00041015	   0.00073731	   0.02613972	   0.55749047	   0.38629532	
   0.00030371	  -0.00037427	  -0.00037427	   0.00042953	   0.00003469	   0.00009112	   0.00067799	   0.00372411	   0.35636324	   0.07818548	
  -0.00000004	  -0.00042697	  -0.00042697	   0.00000000	   0.00000004	   0.00000000	   0.00042693	   0.00000000	   0.00279978	   0.00006013	
  -0.00000003	  -0.00030740	  -0.00030740	   0.00000000	   0.00000003	   0.00000000	   0.00030737	   0.00000000	   0.00022651	   0.00005963	
   0.00000000	   0.00000000	   0.00000000	   0.00000000	   0.00000000	   0.00000000	   0.00000000	   0.00000000	   0.02294684	   0.00000000	
   0.00000000	   0.00000000	   0.00000000	   0.00000000	   0.00000000	   0.00000000	   0.00000000	   0.00000000	   0.00031568	   0.00000000	
   0.00000000	   0.00000000	   0.00000000	   0.00000000	   0.00000000	   0.00000000	   0.00000000	   0.00000000	   0.00020592	   0.00000000	
   0.00000000	   0.00000000	   0.00000000	   0.00000000	   0.00000000	   0.00000000	   0.00000000	   0.00000000	   0.22340490	   0.00000000	
   0.00018682	   0.00012808	   0.00012808	   0.00039563	   0.00015230	   0.00005651	   0.00005874	   0.02198611	   0.51164025	   0.24873435	
   0.00118223	   0.00057617	   0.00057617	   0.00190572	   0.00036886	   0.00035463	   0.00060606	   0.08541278	   1.50019193	   0.34520546	
   0.00195172	   0.00118579	   0.00118579	   0.00302294	   0.00048574	   0.00058548	   0.00076594	   0.08108245	   1.44874132	   0.37835732	
   0.00198402	   0.00127908	   0.00127908	   0.00318210	   0.00060292	   0.00059517	   0.00070493	   0.05146196	   0.92150009	   0.41253182	
   0.00111776	   0.00038789	   0.00038789	   0.00193858	   0.00048553	   0.00033530	   0.00072987	   0.01445349	   0.59353572	   0.37078893	
   0.00016588	  -0.00049730	  -0.00049730	   0.00023967	   0.00002404	   0.00004975	   0.00066318	   0.00508112	   0.23653957	   0.07360192	
  -0.00000003	  -0.00038249	  -0.00038249	   0.00000000	   0.00000003	   0.00000000	   0.00038246	   0.00000000	   0.00043606	   0.00004405	
  -0.00000002	  -0.00025402	  -0.00025402	   0.00000000	   0.00000002	   0.00000000	   0.00025400	   0.00000000	   0.00009042	   0.00004369	
  -0.00000002	  -0.00029900	  -0.00029900	   0.00000000	   0.00000002	   0.00000000	   0.00029898	   0.00000000	   0.00004586	   0.00004332	
  -0.00000002	  -0.00040132	  -0.00040132	   0.00000000	   0.00000002	   0.00000000	   0.00040129	   0.00000000	   0.00004025	   0.00004297	
  -0.00000003	  -0.00062020	  -0.00062020	   0.00000000	   0.00000003	   0.00000000	   0.00062017	   0.00000000	   0.00003279	   0.00004262	
  -0.00000003	  -0.00073378	  -0.00073378	   0.00000000	   0.00000003	   0.00000000	   0.00073375	   0.00000027	   0.15336022	   0.00004227	
   0.00132669	   0.00073108	   0.00073108	   0.00184943	   0.00012477	   0.00039798	   0.00059561	   0.00684234	   0.43899861	   0.25709477	
   0.00186665	   0.00093457	   0.00093457	   0.00281777	   0.00039115	   0.00055997	   0.00093208	   0.04258610	   1.06259239	   0.34185514	
   0.00199705	   0.00100899	   0.00100899	   0.00314198	   0.00054584	   0.00059909	   0.00098806	   0.04946030	   0.92556179	   0.37956688	
   0.00194298	   0.00102939	   0.00102939	   0.00313484	   0.00060899	   0.00058287	   0.00091359	   0.11249859	   1.27159619	   0.41312063	
   0.00115710	   0.00035342	   0.00035342	   0.00197883	   0.00047462	   0.00034711	   0.00080368	   0.02511565	   0.55985314	   0.37097356	
   0.00023896	  -0.00046752	  -0.00046752	   0.00033685	   0.00002622	   0.00007168	   0.00070647	   0.00354030	   0.35696128	   0.07426357	
  -0.00000004	  -0.00043393	  -0.00043393	   0.00000000	   0.00000004	   0.00000000	   0.00043389	   0.00000000	   0.00279978	   0.00006152	
  -0.00000003	  -0.00031288	  -0.00031288	   0.00000000	   0.00000003	   0.00000000	   0.00031285	   0.00000000	   0.00022651	   0.00006101	
   0.00000000	   0.00000000	   0.00000000	   0.00000000	   0.00000000	   0.00000000	   0.00000000	   0.00000000	   0.02294684	   0.00000000	
   0.00000000	   0.00000000	   0.00000000	   0.00000000	   0.00000000	   0.00000000	   0.00000000	   0.00000000	   0.00031568	   0.00000000	
   0.00000000	   0.00000000	   0.00000000	   0.00000000	   0.00000000	   0.00000000	   0.00000000	   0.00000000	   0.00020592	   0.00000000	
   0.00000000	   0.00000000	   0.00000000	   0.00000000	   0.00000000	   0.00000000	   0.00000000	   0.00000000	   0.22340490	   0.00000000	
   0.00018450	   0.00012466	   0.00012466	   0.00039253	   0.00015232	   0.00005571	   0.00005984	   0.02198774	   0.51163954	   0.24874207	
   0.00113882	   0.00051776	   0.00051776	   0.00184815	   0.00036772	   0.00034162	   0.00062106	   0.08530498	   1.50035787	   0.34475759	
   0.00165810	   0.00088876	   0.00088876	   0.00263162	   0.00047611	   0.00049740	   0.00076935	   0.08029504	   1.45031309	   0.37465510	
   0.00177447	   0.00106137	   0.00106137	   0.00288683	   0.00058005	   0.00053231	   0.00071309	   0.05042346	   0.92335230	   0.40412349	
   0.00100894	   0.00024352	   0.00024352	   0.00177382	   0.00046222	   0.00030266	   0.00076542	   0.01408297	   0.59468949	   0.36137071	
   0.00014228	  -0.00053368	  -0.00053368	   0.00020446	   0.00001951	   0.00004268	   0.00067595	   0.00492669	   0.23692264	   0.07136700	
  -0.00000003	  -0.00038646	  -0.00038646	   0.00000000	   0.00000003	   0.00000000	   0.00038644	   0.00000000	   0.00043606	   0.00004458	
  -0.00000002	  -0.00025756	  -0.00025756	   0.00000000	   0.00000002	   0.00000000	   0.00025754	   0.00000000	   0.00009042	   0.00004421	
  -0.00000002	  -0.00030422	  -0.00030422	   0.00000000	   0.00000002	   0.00000000	   0.00030420	   0.00000000	   0.00004586	   0.00004384	
  -0.00000002	  -0.00041501	  -0.00041501	   0.00000000	   0.00000002	   0.00000000	   0.00041499	   0.00000000	   0.00004025	   0.00004349	
  -0.00000003	  -0.00060212	  -0.00060212	   0.00000000	   0.00000003	   0.00000000	   0.00060210	   0.00000000	   0.00003279	   0.00004314	
  -0.00000003	  -0.00067219	  -0.00067219	   0.00000000	   0.00000003	   0.00000000	   0.00067215	   0.00000027	   0.15336022	   0.00004278	
   0.00126802	   0.00065935	   0.00065935	   0.00176130	   0.00011290	   0.00038038	   0.00060867	   0.00671733	   0.43967471	   0.25170261	
   0.00178104	   0.00083488	   0.00083488	   0.00267157	   0.00035625	   0.00053429	   0.00094616	   0.04103054	   1.06646478	   0.32920167	
   0.00183481	   0.00082944	   0.00082944	   0.00288571	   0.00050048	   0.00055042	   0.00100537	   0.04747649	   0.92949295	   0.36464238	
   0.00162960	   0.00072728	   0.00072728	   0.00267083	   0.00055237	   0.00048886	   0.00090232	   0.10703273	   1.27963853	   0.39311016	
   0.00103520	   0.00020499	   0.00020499	   0.00177056	   0.00042482	   0.00031054	   0.00083020	   0.02377797	   0.56300855	   0.35111579	
   0.00020848	  -0.00050692	  -0.00050692	   0.00028817	   0.00001714	   0.00006254	   0.00071540	   0.00334027	   0.35760799	   0.07005015	
  -0.00000004	  -0.00043700	  -0.00043700	   0.00000000	   0.00000004	   0.00000000	   0.00043696	   0.00000000	   0.00279978	   0.00006287	
  -0.00000003	  -0.00031715	  -0.00031715	   0.00000000	   0.00000003	   0.00000000	   0.00031712	   0.00000000	   0.00022651	   0.00006234	
   0.00000000	   0.00000000	   0.00000000	   0.00000000	   0.00000000	   0.00000000	   0.00000000	   0.00000000	   0.02294684	   0.00000000	
   0.00000000	   0.00000000	   0.00000000	   0.00000000	   0.00000000	   0.00000000	   0.00000000	   0.00000000	   0.00031568	   0.00000000	
   0.00000000	   0.00000000	   0.00000000	   0.00000000	   0.00000000	   0.00000000	   0.00000000	   0.00000000	   0.00020592	   0.00000000	
   0.00000000	   0.00000000	   0.00000000	   0.00000000	   0.00000000	   0.00000000	   0.00000000	   0.00000000	   0.22340490	   0.00000000	
   0.00018450	   0.00012466	   0.00012466	   0.00039253	   0.00015232	   0.00005571	   0.00005984	   0.02198774	   0.51163954	   0.24874207	
   0.00113882	   0.00051776	   0.00051776	   0.00184815	   0.00036772	   0.00034162	   0.00062106	   0.08530498	   1.50035787	   0.34475759	
   0.00165810	   0.00088876	   0.00088876	   0.00263162	   0.00047611	   0.00049740	   0.00076935	   0.08029504	   1.45031309	   0.37465510	
   0.00177447	   0.00106137	   0.00106137	   0.00288683	   0.00058005	   0.00053231	   0.00071309	   0.05042346	   0.92335230	   0.40412349	
   0.00100894	   0.00024352	   0.00024352	   0.00177382	   0.00046222	   0.00030266	   0.00076542	   0.01408297	   0.59468949	   0.36137071	
   0.00014228	  -0.00053368	  -0.00053368	   0.00020446	   0.00001951	   0.00004268	   0.00067595	   0.00492669	   0.23692264	   0.07136700	
  -0.00000003	  -0.00038646	  -0.00038646	   0.00000000	   0.00000003	   0.00000000	   0.00038644	   0.00000000	   0.00043606	   0.00004458	
  -0.00000002	  -0.00025756	  -0.00025756	   0.00000000	   0.00000002	   0.00000000	   0.00025754	   0.00000000	   0.00009042	   0.00004421	
  -0.00000002	  -0.00030422	  -0.00030422	   0.00000000	   0.00000002	   0.00000000	   0.00030420	   0.00000000	   0.00004586	   0.00004384	
  -0.00000002	  -0.00041501	  -0.00041501	   0.00000000	   0.00000002	   0.00000000	   0.00041499	   0.00000000	   0.00004025	   0.00004349	
  -0.00000003	  -0.00060212	  -0.00060212	   0.00000000	   0.00000003	   0.00000000	   0.00060210	   0.00000000	   0.00003279	   0.00004314	
  -0.00000003	  -0.00067219	  -0.00067219	   0.00000000	   0.00000003	   0.00000000	   0.00067215	   0.00000027	   0.15336022	   0.00004278	
   0.00126802	   0.00065935	   0.00065935	   0.00176130	   0.00011290	   0.00038038	   0.00060867	   0.00671733	   0.43967471	   0.25170261	
   0.00178104	   0.00083488	   0.00083488	   0.00267157	   0.00035625	   0.00053429	   0.00094616	   0.04103054	   1.06646478	   0.32920167	
   0.00183481	   0.00082944	   0.00082944	   0.00288571	   0.00050048	   0.00055042	   0.00100537	   0.04747649	   0.92949295	   0.36464238	
   0.00162960	   0.00072728	   0.00072728	   0.00267083	   0.00055237	   0.00048886	   0.00090232	   0.10703273	   1.27963853	   0.39311016	
   0.00103520	   0.00020499	   0.00020499	   0.00177056	   0.00042482	   0.00031054	   0.00083020	   0.02377797	   0.56300855	   0.35111579	
   0.00020848	  -0.00050692	  -0.00050692	   0.00028817	   0.00001714	   0.00006254	   0.00071540	   0.00334027	   0.35760799	   0.07005015	
  -0.00000004	  -0.00043700	  -0.00043700	   0.00000000	   0.00000004	   0.00000000	   0.00043696	   0.00000000	   0.00279978	   0.00006287	
  -0.00000003	  -0.00031715	  -0.00031715	   0.00000000	   0.00000003	   0.00000000	   0.00031712	   0.00000000	   0.00022651	   0.00006234	
   0.00000000	   0.00000000	   0.00000000	   0.00000000	   0.00000000	   0.00000000	   0.00000000	   0.00000000	   0.05433286	   0.00000000	
   0.00000000	   0.00000000	   0.00000000	   0.00000000	   0.00000000	   0.00000000	   0.00000000	   0.00000000	   0.00067612	   0.00000000	
   0.00000000	   0.00000000	   0.00000000	   0.00000000	   0.00000000	   0.00000000	   0.00000000	   0.00000000	   0.00039967	   0.00000000	
   0.00000000	   0.00000000	   0.00000000	   0.00000000	   0.00000000	   0.00000000	   0.00000000	   0.00000000	   0.22013871	   0.00000000	
   0.00015096	   0.00011026	   0.00011026	   0.00034876	   0.00015171	   0.00004609	   0.00004070	   0.02222817	   0.69848603	   0.24865514	
   0.00107045	   0.00055991	   0.00055991	   0.00175339	   0.00036187	   0.00032107	   0.00051054	   0.08533047	   1.97533655	   0.34360406	
   0.00192277	   0.00115459	   0.00115459	   0.00297890	   0.00047935	   0.00057677	   0.00076818	   0.07315988	   2.13621473	   0.37520203	
   0.00199581	   0.00130052	   0.00130052	   0.00318668	   0.00059219	   0.00059869	   0.00069528	   0.05870271	   1.29600739	   0.40942967	
   0.00113785	   0.00050120	   0.00050120	   0.00196549	   0.00048634	   0.00034130	   0.00063664	   0.01371816	   0.85956979	   0.36840734	
   0.00017473	  -0.00036475	  -0.00036475	   0.00024964	   0.00002251	   0.00005240	   0.00053948	   0.00500489	   0.49423686	   0.07328250	
  -0.00000003	  -0.00032048	  -0.00032048	   0.00000000	   0.00000003	   0.00000000	   0.00032045	   0.00000000	   0.00113037	   0.00005155	
  -0.00000002	  -0.00022795	  -0.00022795	   0.00000000	   0.00000002	   0.00000000	   0.00022793	   0.00000000	   0.00023067	   0.00005112	
  -0.00000002	  -0.00025232	  -0.00025232	   0.00000000	   0.00000002	   0.00000000	   0.00025230	   0.00000000	   0.00011116	   0.00005069	
  -0.00000003	  -0.00032784	  -0.00032784	   0.00000000	   0.00000003	   0.00000000	   0.00032782	   0.00000000	   0.00008088	   0.00005028	
  -0.00000003	  -0.00047931	  -0.00047931	   0.00000000	   0.00000003	   0.00000000	   0.00047928	   0.00000000	   0.00007005	   0.00004988	
  -0.00000004	  -0.00068641	  -0.00068641	   0.00000000	   0.00000004	   0.00000000	   0.00068637	   0.00000032	   0.15338346	   0.00004946	
   0.00113576	   0.00067832	   0.00067832	   0.00159578	   0.00011935	   0.00034068	   0.00045743	   0.00678503	   0.58503944	   0.25460517	
   0.00162196	   0.00088394	   0.00088394	   0.00247853	   0.00037003	   0.00048654	   0.00073802	   0.04180495	   1.60322535	   0.33392832	
   0.00162741	   0.00091449	   0.00091449	   0.00262096	   0.00050537	   0.00048818	   0.00071292	   0.04739421	   1.31503344	   0.36588362	
   0.00191307	   0.00092971	   0.00092971	   0.00304638	   0.00055942	   0.00057388	   0.00098336	   0.10768278	   2.05575156	   0.39560580	
   0.00120428	   0.00039351	   0.00039351	   0.00200616	   0.00044062	   0.00036125	   0.00081078	   0.02414786	   0.82708639	   0.35665295	
   0.00024624	  -0.00044640	  -0.00044640	   0.00034120	   0.00002110	   0.00007386	   0.00069264	   0.00342393	   0.55208731	   0.07177418	
  -0.00000004	  -0.00044294	  -0.00044294	   0.00000000	   0.00000004	   0.00000000	   0.00044290	   0.00000000	   0.00532183	   0.00006330	
  -0.00000003	  -0.00032586	  -0.00032586	   0.00000000	   0.00000003	   0.00000000	   0.00032582	   0.00000000	   0.00051916	   0.00006277	
   0.00000000	   0.00000000	   0.00000000	   0.00000000	   0.00000000	   0.00000000	   0.00000000	   0.00000000	   0.05433286	   0.00000000	
   0.00000000	   0.00000000	   0.00000000	   0.00000000	   0.00000000	   0.00000000	   0.00000000	   0.00000000	   0.00067612	   0.00000000	
   0.00000000	   0.00000000	   0.00000000	   0.00000000	   0.00000000	   0.00000000	   0.00000000	   0.00000000	   0.00039967	   0.00000000	
   0.00000000	   0.00000000	   0.00000000	   0.00000000	   0.00000000	   0.00000000	   0.00000000	   0.00000000	   0.22013871	   0.00000000	
   0.00001080	  -0.00004006	  -0.00004006	   0.00018485	   0.00015127	   0.00002277	   0.00005086	   0.00771659	   0.74224615	   0.06726354	
   0.00088476	   0.00033357	   0.00033357	   0.00150599	   0.00035739	   0.00026383	   0.00055118	   0.03696024	   2.27420640	   0.14882922	
   0.00123710	   0.00047544	   0.00047544	   0.00206220	   0.00045543	   0.00036966	   0.00076166	   0.03387551	   2.39640594	   0.17386708	
   0.00145777	   0.00074894	   0.00074894	   0.00243058	   0.00053683	   0.00043598	   0.00070883	   0.02824363	   1.31827462	   0.19759661	
   0.00106425	   0.00034145	   0.00034145	   0.00185298	   0.00047069	   0.00031804	   0.00072280	   0.00699050	   0.88709176	   0.18727121	
   0.00011841	  -0.00052383	  -0.00052383	   0.00023304	   0.00007949	   0.00003514	   0.00064224	   0.00263154	   0.50215572	   0.03849138	
   0.00000000	  -0.00037475	  -0.00037475	   0.00000000	   0.00000000	   0.00000000	   0.00037475	   0.00000000	   0.00113039	   0.00000000	
   0.00000000	  -0.00025211	  -0.00025211	   0.00000000	   0.00000000	   0.00000000	   0.00025211	   0.00000000	   0.00023067	   0.00000000	
   0.00000000	  -0.00025273	  -0.00025273	   0.00000000	   0.00000000	   0.00000000	   0.00025273	   0.00000000	   0.00011117	   0.00000000	
   0.00000000	  -0.00030181	  -0.00030181	   0.00000000	   0.00000000	   0.00000000	   0.00030181	   0.00000000	   0.00008088	   0.00000000	
   0.00000000	  -0.00039418	  -0.00039418	   0.00000000	   0.00000000	   0.00000000	   0.00039418	   0.00000000	   0.00007005	   0.00000000	
   0.00000000	  -0.00049321	  -0.00049321	   0.00000000	   0.00000000	   0.00000000	   0.00049321	   0.00000000	   0.15338378	   0.00000000	
   0.00034161	  -0.00018314	  -0.00018314	   0.00052199	   0.00007893	   0.00010144	   0.00052475	   0.00092507	   0.60208458	   0.03955409	
   0.00084120	   0.00000696	   0.00000696	   0.00133684	   0.00024431	   0.00025134	   0.00083424	   0.01138496	   1.70359623	   0.09265745	
   0.00087409	   0.00001116	   0.00001116	   0.00146023	   0.00032485	   0.00026129	   0.00086293	   0.01456277	   1.49926627	   0.11118897	
   0.00089603	   0.00011992	   0.00011992	   0.00151097	   0.00034700	   0.00026794	   0.00077611	   0.03432283	   2.29789138	   0.12619123	
   0.00091526	   0.00015800	   0.00015800	   0.00148481	   0.00029576	   0.00027378	   0.00075726	   0.00818780	   0.87103945	   0.12093151	
   0.00015635	  -0.00053912	  -0.00053912	   0.00025721	   0.00005418	   0.00004668	   0.00069547	   0.00124551	   0.55931258	   0.02619335	
   0.00000000	  -0.00041754	  -0.00041754	   0.00000000	   0.00000000	   0.00000000	   0.00041754	   0.00000000	   0.00532195	   0.00000000	
   0.00000000	  -0.00020779	  -0.00020779	   0.00000000	   0.00000000	   0.00000000	   0.00020779	   0.00000000	   0.00051917	   0.00000000	
   0.00000000	   0.00000000	   0.00000000	   0.00000000	   0.00000000	   0.00000000	   0.00000000	   0.00000000	   0.05433286	   0.00000000	
   0.00000000	   0.00000000	   0.00000000	   0.00000000	   0.00000000	   0.00000000	   0.00000000	   0.00000000	   0.00067612	   0.00000000	
   0.00000000	   0.00000000	   0.00000000	   0.00000000	   0.00000000	   0.00000000	   0.00000000	   0.00000000	   0.00039967	   0.00000000	
   0.00000000	   0.00000000	   0.00000000	   0.00000000	   0.00000000	   0.00000000	   0.00000000	   0.00000000	   0.22013871	   0.00000000	
  -0.00000164	  -0.00005463	  -0.00005463	   0.00016877	   0.00015123	   0.00001918	   0.00005298	   0.00771570	   0.74225450	   0.06724575	
   0.00075479	   0.00019854	   0.00019854	   0.00133459	   0.00035496	   0.00022483	   0.00055625	   0.03675073	   2.27481484	   0.14786614	
   0.00093596	   0.00017804	   0.00017804	   0.00165731	   0.00044204	   0.00027931	   0.00075792	   0.03290259	   2.39914036	   0.16874503	
   0.00108131	   0.00037475	   0.00037475	   0.00190982	   0.00050548	   0.00032304	   0.00070656	   0.02664253	   1.32321513	   0.18603288	
   0.00090105	   0.00016364	   0.00016364	   0.00160396	   0.00043384	   0.00026907	   0.00073741	   0.00644322	   0.88941002	   0.17257629	
   0.00010765	  -0.00054786	  -0.00054786	   0.00021262	   0.00007308	   0.00003189	   0.00065551	   0.00241913	   0.50288141	   0.03538634	
   0.00000000	  -0.00038152	  -0.00038152	   0.00000000	   0.00000000	   0.00000000	   0.00038152	   0.00000000	   0.00113039	   0.00000000	
   0.00000000	  -0.00022369	  -0.00022369	   0.00000000	   0.00000000	   0.00000000	   0.00022369	   0.00000000	   0.00023067	   0.00000000	
   0.00000000	  -0.00022544	  -0.00022544	   0.00000000	   0.00000000	   0.00000000	   0.00022544	   0.00000000	   0.00011117	   0.00000000	
   0.00000000	  -0.00027455	  -0.00027455	   0.00000000	   0.00000000	   0.00000000	   0.00027455	   0.00000000	   0.00008088	   0.00000000	
   0.00000000	  -0.00036933	  -0.00036933	   0.00000000	   0.00000000	   0.00000000	   0.00036933	   0.00000000	   0.00007005	   0.00000000	
   0.00000000	  -0.00047014	  -0.00047014	   0.00000000	   0.00000000	   0.00000000	   0.00047014	   0.00000000	   0.15338378	   0.00000000	
   0.00022769	  -0.00027681	  -0.00027681	   0.00035702	   0.00006207	   0.00006726	   0.00050451	   0.00072935	   0.60256255	   0.03111671	
   0.00051304	  -0.00028872	  -0.00028872	   0.00085409	   0.00018816	   0.00015288	   0.00080176	   0.00879835	   1.71289039	   0.07139426	
   0.00052208	  -0.00031199	  -0.00031199	   0.00092056	   0.00024281	   0.00015568	   0.00083407	   0.01082822	   1.51236904	   0.08308139	
   0.00051036	  -0.00023903	  -0.00023903	   0.00091456	   0.00025196	   0.00015224	   0.00074939	   0.02492597	   2.32231998	   0.09160051	
   0.00054942	  -0.00016778	  -0.00016778	   0.00092239	   0.00020894	   0.00016403	   0.00071720	   0.00578155	   0.87821323	   0.08542614	
   0.00010651	  -0.00057671	  -0.00057671	   0.00017594	   0.00003774	   0.00003168	   0.00068322	   0.00086821	   0.56060958	   0.01824454	
   0.00000000	  -0.00030188	  -0.00030188	   0.00000000	   0.00000000	   0.00000000	   0.00030188	   0.00000000	   0.00532195	   0.00000000	
   0.00000000	  -0.00016268	  -0.00016268	   0.00000000	   0.00000000	   0.00000000	   0.00016268	   0.00000000	   0.00051917	   0.00000000	
   0.00000000	   0.00000000	   0.00000000	   0.00000000	   0.00000000	   0.00000000	   0.00000000	   0.00000000	   0.05433286	   0.00000000	
   0.00000000	   0.00000000	   0.00000000	   0.00000000	   0.00000000	   0.00000000	   0.00000000	   0.00000000	   0.00067612	   0.00000000	
   0.00000000	   0.00000000	   0.00000000	   0.00000000	   0.00000000	   0.00000000	   0.00000000	   0.00000000	   0.00039967	   0.00000000	
   0.00000000	   0.00000000	   0.00000000	   0.00000000	   0.00000000	   0.00000000	   0.00000000	   0.00000000	   0.22013871	   0.00000000	
  -0.00000164	  -0.00005463	  -0.00005463	   0.00016877	   0.00015123	   0.00001918	   0.00005298	   0.00771570	   0.74225450	   0.06724575	
   0.00075479	   0.00019854	   0.00019854	   0.00133459	   0.00035496	   0.00022483	   0.00055625	   0.03675073	   2.27481484	   0.14786614	
   0.00093596	   0.00017804	   0.00017804	   0.00165731	   0.00044204	   0.00027931	   0.00075792	   0.03290259	   2.39914036	   0.16874503	
   0.00108131	   0.00037475	   0.00037475	   0.00190982	   0.00050548	   0.00032304	   0.00070656	   0.02664253	   1.32321513	   0.18603288	
   0.00090105	   0.00016364	   0.00016364	   0.00160396	   0.00043384	   0.00026907	   0.00073741	   0.00644322	   0.88941002	   0.17257629	
   0.00010765	  -0.00054786	  -0.00054786	   0.00021262	   0.00007308	   0.00003189	   0.00065551	   0.00241913	   0.50288141	   0.03538634	
   0.00000000	  -0.00038152	  -0.00038152	   0.00000000	   0.00000000	   0.00000000	   0.00038152	   0.00000000	   0.00113039	   0.00000000	
   0.00000000	  -0.00022369	  -0.00022369	   0.00000000	   0.00000000	   0.00000000	   0.00022369	   0.00000000	   0.00023067	   0.00000000	
   0.00000000	  -0.00022544	  -0.00022544	   0.00000000	   0.00000000	   0.00000000	   0.00022544	   0.00000000	   0.00011117	   0.00000000	
   0.00000000	  -0.00027455	  -0.00027455	   0.00000000	   0.00000000	   0.00000000	   0.00027455	   0.00000000	   0.00008088	   0.00000000	
   0.00000000	  -0.00036933	  -0.00036933	   0.00000000	   0.00000000	   0.00000000	   0.00036933	   0.00000000	   0.00007005	   0.00000000	
   0.00000000	  -0.00047014	  -0.00047014	   0.00000000	   0.00000000	   0.00000000	   0.00047014	   0.00000000	   0.15338378	   0.00000000	
   0.00022769	  -0.00027681	  -0.00027681	   0.00035702	   0.00006207	   0.00006726	   0.00050451	   0.00072935	   0.60256255	   0.03111671	
   0.00051304	  -0.00028872	  -0.00028872	   0.00085409	   0.00018816	   0.00015288	   0.00080176	   0.00879835	   1.71289039	   0.07139426	
   0.00052208	  -0.00031199	  -0.00031199	   0.00092056	   0.00024281	   0.00015568	   0.00083407	   0.01082822	   1.51236904	   0.08308139	
   0.00051036	  -0.00023903	  -0.00023903	   0.00091456	   0.00025196	   0.00015224	   0.00074939	   0.02492597	   2.32231998	   0.09160051	
   0.00054942	  -0.00016778	  -0.00016778	   0.00092239	   0.00020894	   0.00016403	   0.00071720	   0.00578155	   0.87821323	   0.08542614	
   0.00010651	  -0.00057671	  -0.00057671	   0.00017594	   0.00003774	   0.00003168	   0.00068322	   0.00086821	   0.56060958	   0.01824454	
   0.00000000	  -0.00030188	  -0.00030188	   0.00000000	   0.00000000	   0.00000000	   0.00030188	   0.00000000	   0.00532195	   0.00000000	
   0.00000000	  -0.00016268	  -0.00016268	   0.00000000	   0.00000000	   0.00000000	   0.00016268	   0.00000000	   0.00051917	   0.00000000	
   0.00000000	   0.00000000	   0.00000000	   0.00000000	   0.00000000	   0.00000000	   0.00000000	   0.00000000	   0.05433286	   0.00000000	
   0.00000000	   0.00000000	   0.00000000	   0.00000000	   0.00000000	   0.00000000	   0.00000000	   0.00000000	   0.00067612	   0.00000000	
   0.00000000	   0.00000000	   0.00000000	   0.00000000	   0.00000000	   0.00000000	   0.00000000	   0.00000000	   0.00039967	   0.00000000	
   0.00000000	   0.00000000	   0.00000000	   0.00000000	   0.00000000	   0.00000000	   0.00000000	   0.00000000	   0.22013871	   0.00000000	
  -0.00000164	  -0.00005463	  -0.00005463	   0.00016877	   0.00015123	   0.00001918	   0.00005298	   0.00771570	   0.74225450	   0.06724575	
   0.00075479	   0.00019854	   0.00019854	   0.00133459	   0.00035496	   0.00022483	   0.00055625	   0.03675073	   2.27481484	   0.14786614	
   0.00093596	   0.00017804	   0.00017804	   0.00165731	   0.00044204	   0.00027931	   0.00075792	   0.03290259	   2.39914036	   0.16874503	
   0.00108131	   0.00037475	   0.00037475	   0.00190982	   0.00050548	   0.00032304	   0.00070656	   0.02664253	   1.32321513	   0.18603288	
   0.00090105	   0.00016364	   0.00016364	   0.00160396	   0.00043384	   0.00026907	   0.00073741	   0.00644322	   0.88941002	   0.17257629	
   0.00010765	  -0.00054786	  -0.00054786	   0.00021262	   0.00007308	   0.00003189	   0.00065551	   0.00241913	   0.50288141	   0.03538634	
   0.00000000	  -0.00038152	  -0.00038152	   0.00000000	   0.00000000	   0.00000000	   0.00038152	   0.00000000	   0.00113039	   0.00000000	
   0.00000000	  -0.00022369	  -0.00022369	   0.00000000	   0.00000000	   0.00000000	   0.00022369	   0.00000000	   0.00023067	   0.00000000	
   0.00000000	  -0.00022544	  -0.00022544	   0.00000000	   0.00000000	   0.00000000	   0.00022544	   0.00000000	   0.00011117	   0.00000000	
   0.00000000	  -0.00027455	  -0.00027455	   0.00000000	   0.00000000	   0.00000000	   0.00027455	   0.00000000	   0.00008088	   0.00000000	
   0.00000000	  -0.00036933	  -0.00036933	   0.00000000	   0.00000000	   0.00000000	   0.00036933	   0.00000000	   0.00007005	   0.00000000	
   0.00000000	  -0.00047014	  -0.00047014	   0.00000000	   0.00000000	   0.00000000	   0.00047014	   0.00000000	   0.15338378	   0.00000000	
   0.00022769	  -0.00027681	  -0.00027681	   0.00035702	   0.00006207	   0.00006726	   0.00050451	   0.00072935	   0.60256255	   0.03111671	
   0.00051304	  -0.00028872	  -0.00028872	   0.00085409	   0.00018816	   0.00015288	   0.00080176	   0.00879835	   1.71289039	   0.07139426	
   0.00052208	  -0.00031199	  -0.00031199	   0.00092056	   0.00024281	   0.00015568	   0.00083407	   0.01082822	   1.51236904	   0.08308139	
   0.00051036	  -0.00023903	  -0.00023903	   0.00091456	   0.00025196	   0.00015224	   0.00074939	   0.02492597	   2.32231998	   0.09160051	
   0.00054942	  -0.00016778	  -0.00016778	   0.00092239	   0.00020894	   0.00016403	   0.00071720	   0.00578155	   0.87821323	   0.08542614	
   0.00010651	  -0.00057671	  -0.00057671	   0.00017594	   0.00003774	   0.00003168	   0.00068322	   0.00086821	   0.56060958	   0.01824454	
   0.00000000	  -0.00030188	  -0.00030188	   0.00000000	   0.00000000	   0.00000000	   0.00030188	   0.00000000	   0.00532195	   0.00000000	
   0.00000000	  -0.00016268	  -0.00016268	   0.00000000	   0.00000000	   0.00000000	   0.00016268	   0.00000000	   0.00051917	   0.00000000	
   0.00000000	   0.00000000	   0.00000000	   0.00000000	   0.00000000	   0.00000000	   0.00000000	   0.00000000	   0.05433286	   0.00000000	
   0.00000000	   0.00000000	   0.00000000	   0.00000000	   0.00000000	   0.00000000	   0.00000000	   0.00000000	   0.00067612	   0.00000000	
   0.00000000	   0.00000000	   0.00000000	   0.00000000	   0.00000000	   0.00000000	   0.00000000	   0.00000000	   0.00039967	   0.00000000	
   0.00000000	   0.00000000	   0.00000000	   0.00000000	   0.00000000	   0.00000000	   0.00000000	   0.00000000	   0.22013871	   0.00000000	
  -0.00000164	  -0.00005463	  -0.00005463	   0.00016877	   0.00015123	   0.00001918	   0.00005298	   0.00771570	   0.74225450	   0.06724575	
   0.00075479	   0.00019854	   0.00019854	   0.00133459	   0.00035496	   0.00022483	   0.00055625	   0.03675073	   2.27481484	   0.14786614	
   0.00093596	   0.00017804	   0.00017804	   0.00165731	   0.00044204	   0.00027931	   0.00075792	   0.03290259	   2.39914036	   0.16874503	
   0.00108131	   0.00037475	   0.00037475	   0.00190982	   0.00050548	   0.00032304	   0.00070656	   0.02664253	   1.32321513	   0.18603288	
   0.00090105	   0.00016364	   0.00016364	   0.00160396	   0.00043384	   0.00026907	   0.00073741	   0.00644322	   0.88941002	   0.17257629	
   0.00010765	  -0.00054786	  -0.00054786	   0.00021262	   0.00007308	   0.00003189	   0.00065551	   0.00241913	   0.50288141	   0.03538634	
   0.00000000	  -0.00038152	  -0.00038152	   0.00000000	   0.00000000	   0.00000000	   0.00038152	   0.00000000	   0.00113039	   0.00000000	
   0.00000000	  -0.00022369	  -0.00022369	   0.00000000	   0.00000000	   0.00000000	   0.00022369	   0.00000000	   0.00023067	   0.00000000	
   0.00000000	  -0.00022544	  -0.00022544	   0.00000000	   0.00000000	   0.00000000	   0.00022544	   0.00000000	   0.00011117	   0.00000000	
   0.00000000	  -0.00027455	  -0.00027455	   0.00000000	   0.00000000	   0.00000000	   0.00027455	   0.00000000	   0.00008088	   0.00000000	
   0.00000000	  -0.00036933	  -0.00036933	   0.00000000	   0.00000000	   0.00000000	   0.00036933	   0.00000000	   0.00007005	   0.00000000	
   0.00000000	  -0.00047014	  -0.00047014	   0.00000000	   0.00000000	   0.00000000	   0.00047014	   0.00000000	   0.15338378	   0.00000000	
   0.00022769	  -0.00027681	  -0.00027681	   0.00035702	   0.00006207	   0.00006726	   0.00050451	   0.00072935	   0.60256255	   0.03111671	
   0.00051304	  -0.00028872	  -0.00028872	   0.00085409	   0.00018816	   0.00015288	   0.00080176	   0.00879835	   1.71289039	   0.07139426	
   0.00052208	  -0.00031199	  -0.00031199	   0.00092056	   0.00024281	   0.00015568	   0.00083407	   0.01082822	   1.51236904	   0.08308139	
   0.00051036	  -0.00023903	  -0.00023903	   0.00091456	   0.00025196	   0.00015224	   0.00074939	   0.02492597	   2.32231998	   0.09160051	
   0.00054942	  -0.00016778	  -0.00016778	   0.00092239	   0.00020894	   0.00016403	   0.00071720	   0.00578155	   0.87821323	   0.08542614	
   0.00010651	  -0.00057671	  -0.00057671	   0.00017594	   0.00003774	   0.00003168	   0.00068322	   0.00086821	   0.56060958	   0.01824454	
   0.00000000	  -0.00030188	  -0.00030188	   0.00000000	   0.00000000	   0.00000000	   0.00030188	   0.00000000	   0.00532195	   0.00000000	
   0.00000000	  -0.00016268	  -0.00016268	   0.00000000	   0.00000000	   0.00000000	   0.00016268	   0.00000000	   0.00051917	   0.00000000	
