  -0.00001035	  -0.00001035	  -0.00001035	   0.00000000	   0.00001035	   0.00000000	   0.00000000	   0.00000000	   0.01348742	   0.00000000	
  -0.00001265	  -0.00001265	  -0.00001265	   0.00000000	   0.00001265	   0.00000000	   0.00000000	   0.00000000	   0.00020200	   0.00000000	
  -0.00001600	  -0.00001600	  -0.00001600	   0.00000000	   0.00001600	   0.00000000	   0.00000000	   0.00000000	   0.05490716	   0.00000000	
  -0.00002106	  -0.00002632	  -0.00002632	   0.00000000	   0.00002106	   0.00000000	   0.00000526	   0.00000000	   0.17799464	   0.00000000	
   0.00013785	  -0.00004558	  -0.00004558	   0.00026497	   0.00008251	   0.00004461	   0.00018343	   0.01971693	   0.52160287	   0.09592207	
   0.00119407	   0.00072762	   0.00072762	   0.00201713	   0.00046653	   0.00035653	   0.00046645	   0.35116225	   0.61527735	   0.70428735	
   0.00159517	   0.00097388	   0.00097388	   0.00271623	   0.00064407	   0.00047700	   0.00062128	   0.43280971	   0.75214928	   0.71322089	
   0.00175702	   0.00083095	   0.00083095	   0.00302683	   0.00074413	   0.00052568	   0.00092607	   0.79972661	   0.63795906	   0.68035626	
   0.00106448	   0.00022173	   0.00022173	   0.00196883	   0.00058632	   0.00031803	   0.00084275	   0.61933142	   0.36672774	   0.45108664	
   0.00008491	  -0.00086759	  -0.00086759	   0.00028094	   0.00016510	   0.00003093	   0.00095250	   0.04385620	   0.07731193	   0.04234055	
  -0.00002353	  -0.00068876	  -0.00068876	   0.00000000	   0.00002353	   0.00000000	   0.00066524	   0.00000000	   0.00026175	   0.00000000	
  -0.00001416	  -0.00015272	  -0.00015272	   0.00000000	   0.00001416	   0.00000000	   0.00013856	   0.00000000	   0.00009879	   0.00000000	
  -0.00001198	  -0.00015405	  -0.00015405	   0.00000000	   0.00001198	   0.00000000	   0.00014207	   0.00000000	   0.00003107	   0.00000000	
  -0.00001290	  -0.00020942	  -0.00020942	   0.00000000	   0.00001290	   0.00000000	   0.00019652	   0.00000000	   0.00003062	   0.00000000	
  -0.00001884	  -0.00045854	  -0.00045854	   0.00000000	   0.00001884	   0.00000000	   0.00043970	   0.00000000	   0.00001644	   0.00000000	
  -0.00002445	  -0.00064001	  -0.00064001	   0.00000000	   0.00002445	   0.00000000	   0.00061555	   0.00000000	   0.06670839	   0.00000000	
   0.00005978	  -0.00069548	  -0.00069548	   0.00014499	   0.00006581	   0.00001940	   0.00075527	   0.01640806	   0.35996124	   0.04551407	
   0.00051271	  -0.00044830	  -0.00044830	   0.00087591	   0.00021370	   0.00014951	   0.00096101	   0.10219054	   0.51646644	   0.31096643	
   0.00075343	  -0.00042940	  -0.00042940	   0.00126279	   0.00028728	   0.00022208	   0.00118283	   0.23831156	   0.65824425	   0.44938776	
   0.00072572	  -0.00037854	  -0.00037854	   0.00125203	   0.00031222	   0.00021409	   0.00110426	   0.23112418	   0.61783755	   0.33313578	
   0.00030949	  -0.00049921	  -0.00049921	   0.00062059	   0.00022045	   0.00009066	   0.00080869	   0.27234232	   0.59663093	   0.10988103	
  -0.00001710	  -0.00067176	  -0.00067176	   0.00003216	   0.00004815	   0.00000110	   0.00065466	   0.00116687	   0.02991342	   0.00297554	
  -0.00001042	  -0.00030498	  -0.00030498	   0.00000000	   0.00001042	   0.00000000	   0.00029456	   0.00000000	   0.00102891	   0.00000000	
  -0.00000754	  -0.00017069	  -0.00017069	   0.00000000	   0.00000754	   0.00000000	   0.00016315	   0.00000000	   0.00017898	   0.00000000	
  -0.00000597	  -0.00008692	  -0.00008692	   0.00000000	   0.00000597	   0.00000000	   0.00008096	   0.00000000	   0.00005887	   0.00000000	
  -0.00000597	  -0.00018617	  -0.00018617	   0.00000000	   0.00000597	   0.00000000	   0.00018020	   0.00000000	   0.00003799	   0.00000000	
  -0.00000654	  -0.00029386	  -0.00029386	   0.00000000	   0.00000654	   0.00000000	   0.00028732	   0.00000000	   0.00002161	   0.00000000	
  -0.00000702	  -0.00045869	  -0.00045869	   0.00000000	   0.00000702	   0.00000000	   0.00045168	   0.00000000	   0.00004250	   0.00000000	
   0.00004314	  -0.00062234	  -0.00062234	   0.00007960	   0.00002631	   0.00001014	   0.00066549	   0.01446029	   0.62207025	   0.03028957	
   0.00023520	  -0.00066724	  -0.00066724	   0.00038420	   0.00008293	   0.00006608	   0.00090244	   0.06627777	   1.24069858	   0.14181684	
   0.00034160	  -0.00075328	  -0.00075328	   0.00055113	   0.00011117	   0.00009836	   0.00109488	   0.11630549	   0.71541709	   0.16268572	
   0.00034728	  -0.00068968	  -0.00068968	   0.00056701	   0.00011933	   0.00010040	   0.00103696	   0.09565658	   0.87535858	   0.16332495	
   0.00018449	  -0.00058624	  -0.00058624	   0.00032709	   0.00009075	   0.00005186	   0.00077073	   0.11496660	   0.67851043	   0.08393037	
   0.00001483	  -0.00047516	  -0.00047516	   0.00003816	   0.00001964	   0.00000369	   0.00049000	   0.01459515	   0.15480380	   0.00387620	
   0.00000000	  -0.00021335	  -0.00021335	   0.00000000	   0.00000000	   0.00000000	   0.00021335	   0.00000000	   0.00178278	   0.00000000	
   0.00000000	  -0.00001128	  -0.00001128	   0.00000000	   0.00000000	   0.00000000	   0.00001128	   0.00000000	   0.00016888	   0.00000000	
  -0.00001035	  -0.00001035	  -0.00001035	   0.00000000	   0.00001035	   0.00000000	   0.00000000	   0.00000000	   0.01348742	   0.00000000	
  -0.00001265	  -0.00001265	  -0.00001265	   0.00000000	   0.00001265	   0.00000000	   0.00000000	   0.00000000	   0.00020200	   0.00000000	
  -0.00001600	  -0.00001600	  -0.00001600	   0.00000000	   0.00001600	   0.00000000	   0.00000000	   0.00000000	   0.05490716	   0.00000000	
  -0.00002106	  -0.00002632	  -0.00002632	   0.00000000	   0.00002106	   0.00000000	   0.00000526	   0.00000000	   0.17799464	   0.00000000	
   0.00013785	  -0.00004558	  -0.00004558	   0.00026497	   0.00008251	   0.00004461	   0.00018343	   0.01971693	   0.52160287	   0.09592207	
   0.00119407	   0.00072762	   0.00072762	   0.00201713	   0.00046653	   0.00035653	   0.00046645	   0.35116225	   0.61527735	   0.70428735	
   0.00159517	   0.00097388	   0.00097388	   0.00271623	   0.00064407	   0.00047700	   0.00062128	   0.43280971	   0.75214928	   0.71322089	
   0.00175702	   0.00083095	   0.00083095	   0.00302683	   0.00074413	   0.00052568	   0.00092607	   0.79972661	   0.63795906	   0.68035626	
   0.00106448	   0.00022173	   0.00022173	   0.00196883	   0.00058632	   0.00031803	   0.00084275	   0.61933142	   0.36672774	   0.45108664	
   0.00008491	  -0.00086759	  -0.00086759	   0.00028094	   0.00016510	   0.00003093	   0.00095250	   0.04385620	   0.07731193	   0.04234055	
  -0.00002353	  -0.00068876	  -0.00068876	   0.00000000	   0.00002353	   0.00000000	   0.00066524	   0.00000000	   0.00026175	   0.00000000	
  -0.00001416	  -0.00015272	  -0.00015272	   0.00000000	   0.00001416	   0.00000000	   0.00013856	   0.00000000	   0.00009879	   0.00000000	
  -0.00001198	  -0.00015405	  -0.00015405	   0.00000000	   0.00001198	   0.00000000	   0.00014207	   0.00000000	   0.00003107	   0.00000000	
  -0.00001290	  -0.00020942	  -0.00020942	   0.00000000	   0.00001290	   0.00000000	   0.00019652	   0.00000000	   0.00003062	   0.00000000	
  -0.00001884	  -0.00045854	  -0.00045854	   0.00000000	   0.00001884	   0.00000000	   0.00043970	   0.00000000	   0.00001644	   0.00000000	
  -0.00002445	  -0.00064001	  -0.00064001	   0.00000000	   0.00002445	   0.00000000	   0.00061555	   0.00000000	   0.06670839	   0.00000000	
   0.00005978	  -0.00069548	  -0.00069548	   0.00014499	   0.00006581	   0.00001940	   0.00075527	   0.01640806	   0.35996124	   0.04551407	
   0.00051271	  -0.00044830	  -0.00044830	   0.00087591	   0.00021370	   0.00014951	   0.00096101	   0.10219054	   0.51646644	   0.31096643	
   0.00075343	  -0.00042940	  -0.00042940	   0.00126279	   0.00028728	   0.00022208	   0.00118283	   0.23831156	   0.65824425	   0.44938776	
   0.00072572	  -0.00037854	  -0.00037854	   0.00125203	   0.00031222	   0.00021409	   0.00110426	   0.23112418	   0.61783755	   0.33313578	
   0.00030949	  -0.00049921	  -0.00049921	   0.00062059	   0.00022045	   0.00009066	   0.00080869	   0.27234232	   0.59663093	   0.10988103	
  -0.00001710	  -0.00067176	  -0.00067176	   0.00003216	   0.00004815	   0.00000110	   0.00065466	   0.00116687	   0.02991342	   0.00297554	
  -0.00001042	  -0.00030498	  -0.00030498	   0.00000000	   0.00001042	   0.00000000	   0.00029456	   0.00000000	   0.00102891	   0.00000000	
  -0.00000754	  -0.00017069	  -0.00017069	   0.00000000	   0.00000754	   0.00000000	   0.00016315	   0.00000000	   0.00017898	   0.00000000	
  -0.00000597	  -0.00008692	  -0.00008692	   0.00000000	   0.00000597	   0.00000000	   0.00008096	   0.00000000	   0.00005887	   0.00000000	
  -0.00000597	  -0.00018617	  -0.00018617	   0.00000000	   0.00000597	   0.00000000	   0.00018020	   0.00000000	   0.00003799	   0.00000000	
  -0.00000654	  -0.00029386	  -0.00029386	   0.00000000	   0.00000654	   0.00000000	   0.00028732	   0.00000000	   0.00002161	   0.00000000	
  -0.00000702	  -0.00045869	  -0.00045869	   0.00000000	   0.00000702	   0.00000000	   0.00045168	   0.00000000	   0.00004250	   0.00000000	
   0.00004314	  -0.00062234	  -0.00062234	   0.00007960	   0.00002631	   0.00001014	   0.00066549	   0.01446029	   0.62207025	   0.03028957	
   0.00023520	  -0.00066724	  -0.00066724	   0.00038420	   0.00008293	   0.00006608	   0.00090244	   0.06627777	   1.24069858	   0.14181684	
   0.00034160	  -0.00075328	  -0.00075328	   0.00055113	   0.00011117	   0.00009836	   0.00109488	   0.11630549	   0.71541709	   0.16268572	
   0.00034728	  -0.00068968	  -0.00068968	   0.00056701	   0.00011933	   0.00010040	   0.00103696	   0.09565658	   0.87535858	   0.16332495	
   0.00018449	  -0.00058624	  -0.00058624	   0.00032709	   0.00009075	   0.00005186	   0.00077073	   0.11496660	   0.67851043	   0.08393037	
   0.00001483	  -0.00047516	  -0.00047516	   0.00003816	   0.00001964	   0.00000369	   0.00049000	   0.01459515	   0.15480380	   0.00387620	
   0.00000000	  -0.00021335	  -0.00021335	   0.00000000	   0.00000000	   0.00000000	   0.00021335	   0.00000000	   0.00178278	   0.00000000	
   0.00000000	  -0.00001128	  -0.00001128	   0.00000000	   0.00000000	   0.00000000	   0.00001128	   0.00000000	   0.00016888	   0.00000000	
  -0.00001035	  -0.00001035	  -0.00001035	   0.00000000	   0.00001035	   0.00000000	   0.00000000	   0.00000000	   0.01348742	   0.00000000	
  -0.00001265	  -0.00001265	  -0.00001265	   0.00000000	   0.00001265	   0.00000000	   0.00000000	   0.00000000	   0.00020200	   0.00000000	
  -0.00001600	  -0.00001600	  -0.00001600	   0.00000000	   0.00001600	   0.00000000	   0.00000000	   0.00000000	   0.05490716	   0.00000000	
  -0.00002106	  -0.00002632	  -0.00002632	   0.00000000	   0.00002106	   0.00000000	   0.00000526	   0.00000000	   0.17799464	   0.00000000	
   0.00013785	  -0.00004558	  -0.00004558	   0.00026497	   0.00008251	   0.00004461	   0.00018343	   0.01971693	   0.52160287	   0.09592207	
   0.00119407	   0.00072762	   0.00072762	   0.00201713	   0.00046653	   0.00035653	   0.00046645	   0.35116225	   0.61527735	   0.70428735	
   0.00159517	   0.00097388	   0.00097388	   0.00271623	   0.00064407	   0.00047700	   0.00062128	   0.43280971	   0.75214928	   0.71322089	
   0.00175702	   0.00083095	   0.00083095	   0.00302683	   0.00074413	   0.00052568	   0.00092607	   0.79972661	   0.63795906	   0.68035626	
   0.00106448	   0.00022173	   0.00022173	   0.00196883	   0.00058632	   0.00031803	   0.00084275	   0.61933142	   0.36672774	   0.45108664	
   0.00008491	  -0.00086759	  -0.00086759	   0.00028094	   0.00016510	   0.00003093	   0.00095250	   0.04385620	   0.07731193	   0.04234055	
  -0.00002353	  -0.00068876	  -0.00068876	   0.00000000	   0.00002353	   0.00000000	   0.00066524	   0.00000000	   0.00026175	   0.00000000	
  -0.00001416	  -0.00015272	  -0.00015272	   0.00000000	   0.00001416	   0.00000000	   0.00013856	   0.00000000	   0.00009879	   0.00000000	
  -0.00001198	  -0.00015405	  -0.00015405	   0.00000000	   0.00001198	   0.00000000	   0.00014207	   0.00000000	   0.00003107	   0.00000000	
  -0.00001290	  -0.00020942	  -0.00020942	   0.00000000	   0.00001290	   0.00000000	   0.00019652	   0.00000000	   0.00003062	   0.00000000	
  -0.00001884	  -0.00045854	  -0.00045854	   0.00000000	   0.00001884	   0.00000000	   0.00043970	   0.00000000	   0.00001644	   0.00000000	
  -0.00002445	  -0.00064001	  -0.00064001	   0.00000000	   0.00002445	   0.00000000	   0.00061555	   0.00000000	   0.06670839	   0.00000000	
   0.00005978	  -0.00069548	  -0.00069548	   0.00014499	   0.00006581	   0.00001940	   0.00075527	   0.01640806	   0.35996124	   0.04551407	
   0.00051271	  -0.00044830	  -0.00044830	   0.00087591	   0.00021370	   0.00014951	   0.00096101	   0.10219054	   0.51646644	   0.31096643	
   0.00075343	  -0.00042940	  -0.00042940	   0.00126279	   0.00028728	   0.00022208	   0.00118283	   0.23831156	   0.65824425	   0.44938776	
   0.00072572	  -0.00037854	  -0.00037854	   0.00125203	   0.00031222	   0.00021409	   0.00110426	   0.23112418	   0.61783755	   0.33313578	
   0.00030949	  -0.00049921	  -0.00049921	   0.00062059	   0.00022045	   0.00009066	   0.00080869	   0.27234232	   0.59663093	   0.10988103	
  -0.00001710	  -0.00067176	  -0.00067176	   0.00003216	   0.00004815	   0.00000110	   0.00065466	   0.00116687	   0.02991342	   0.00297554	
  -0.00001042	  -0.00030498	  -0.00030498	   0.00000000	   0.00001042	   0.00000000	   0.00029456	   0.00000000	   0.00102891	   0.00000000	
  -0.00000754	  -0.00017069	  -0.00017069	   0.00000000	   0.00000754	   0.00000000	   0.00016315	   0.00000000	   0.00017898	   0.00000000	
  -0.00000597	  -0.00008692	  -0.00008692	   0.00000000	   0.00000597	   0.00000000	   0.00008096	   0.00000000	   0.00005887	   0.00000000	
  -0.00000597	  -0.00018617	  -0.00018617	   0.00000000	   0.00000597	   0.00000000	   0.00018020	   0.00000000	   0.00003799	   0.00000000	
  -0.00000654	  -0.00029386	  -0.00029386	   0.00000000	   0.00000654	   0.00000000	   0.00028732	   0.00000000	   0.00002161	   0.00000000	
  -0.00000702	  -0.00045869	  -0.00045869	   0.00000000	   0.00000702	   0.00000000	   0.00045168	   0.00000000	   0.00004250	   0.00000000	
   0.00004314	  -0.00062234	  -0.00062234	   0.00007960	   0.00002631	   0.00001014	   0.00066549	   0.01446029	   0.62207025	   0.03028957	
   0.00023520	  -0.00066724	  -0.00066724	   0.00038420	   0.00008293	   0.00006608	   0.00090244	   0.06627777	   1.24069858	   0.14181684	
   0.00034160	  -0.00075328	  -0.00075328	   0.00055113	   0.00011117	   0.00009836	   0.00109488	   0.11630549	   0.71541709	   0.16268572	
   0.00034728	  -0.00068968	  -0.00068968	   0.00056701	   0.00011933	   0.00010040	   0.00103696	   0.09565658	   0.87535858	   0.16332495	
   0.00018449	  -0.00058624	  -0.00058624	   0.00032709	   0.00009075	   0.00005186	   0.00077073	   0.11496660	   0.67851043	   0.08393037	
   0.00001483	  -0.00047516	  -0.00047516	   0.00003816	   0.00001964	   0.00000369	   0.00049000	   0.01459515	   0.15480380	   0.00387620	
   0.00000000	  -0.00021335	  -0.00021335	   0.00000000	   0.00000000	   0.00000000	   0.00021335	   0.00000000	   0.00178278	   0.00000000	
   0.00000000	  -0.00001128	  -0.00001128	   0.00000000	   0.00000000	   0.00000000	   0.00001128	   0.00000000	   0.00016888	   0.00000000	
