    plotID  year      PRCP      Tavg   max_LAI        ET     Trans    Evapor   CanopyW        OF       NPP       NBP       NEP       NEE       GPP        MR        GR        HR     root_MR     leaf_MR      bgc土壤水          bgc雪
       123  2003     546.1      -1.3       2.0     298.5      82.1     216.4      78.4     131.0     175.6      28.8      28.8      28.8     314.5      85.2      53.7     146.9      36.5      39.3     132.0       0.5
       123  2004     493.5      -1.9       0.8     220.1      38.4     181.7      29.3     273.4      69.2    -154.4    -154.4    -154.4     128.3      37.7      21.4     223.6      15.4      15.6     185.6       0.5
       123  2005     541.5      -1.3       0.3     228.2      17.9     210.3      13.1     313.6      35.0    -153.9    -153.9    -153.9      59.7      14.5      10.1     188.9       6.3       6.9     185.9       0.5
    plotID  year      PRCP      Tavg   max_LAI        ET     Trans    Evapor   CanopyW        OF       NPP       NBP       NEP       NEE       GPP        MR        GR        HR     root_MR     leaf_MR      bgc土壤水          bgc雪
       123  2003     546.1      -1.3       2.0     298.5      82.1     216.4      78.4     131.0     175.6      28.8      28.8      28.8     314.5      85.2      53.7     146.9      36.5      39.3     132.0       0.5
       123  2004     493.5      -1.9       0.8     220.1      38.4     181.7      29.3     273.4      69.2    -154.4    -154.4    -154.4     128.3      37.7      21.4     223.6      15.4      15.6     185.6       0.5
       123  2005     541.5      -1.3       0.3     228.2      17.9     210.3      13.1     313.6      35.0    -153.9    -153.9    -153.9      59.7      14.5      10.1     188.9       6.3       6.9     185.9       0.5
    plotID  year      PRCP      Tavg   max_LAI        ET     Trans    Evapor   CanopyW        OF       NPP       NBP       NEP       NEE       GPP        MR        GR        HR     root_MR     leaf_MR      bgc土壤水          bgc雪
       123  2003     546.1      -1.3       2.0     298.5      82.1     216.4      78.4     131.0     175.6      28.8      28.8      28.8     314.5      85.2      53.7     146.9      36.5      39.3     132.0       0.5
       123  2004     493.5      -1.9       0.8     220.1      38.4     181.7      29.3     273.4      69.2    -154.4    -154.4    -154.4     128.3      37.7      21.4     223.6      15.4      15.6     185.6       0.5
       123  2005     541.5      -1.3       0.3     228.2      17.9     210.3      13.1     313.6      35.0    -153.9    -153.9    -153.9      59.7      14.5      10.1     188.9       6.3       6.9     185.9       0.5
