   0.00192133	   0.00160064	   0.00158421	   0.00464431	   0.00240914	   0.00031384	   0.00032069	   0.09603473	   0.00509916	   6.13224602	
   0.00194805	   0.00155483	   0.00153812	   0.00530503	   0.00303609	   0.00032088	   0.00039322	   0.12484176	   0.00952071	   6.15141201	
   0.00152582	   0.00103357	   0.00101667	   0.00525640	   0.00343236	   0.00029823	   0.00049225	   0.17592786	   0.01693655	   6.16505909	
   0.00220017	   0.00152843	   0.00151124	   0.00799513	   0.00532384	   0.00047112	   0.00067174	   0.39632231	   0.02080220	   6.20182610	
   0.00229416	   0.00151890	   0.00150123	   0.00940160	   0.00658027	   0.00052717	   0.00077526	   0.38573062	   0.02141375	   6.28313160	
   0.00243509	   0.00157255	   0.00155442	   0.01124414	   0.00827286	   0.00053619	   0.00086254	   0.35816976	   0.03254982	   6.36863804	
   0.00290652	   0.00196605	   0.00194738	   0.01554282	   0.01196497	   0.00067133	   0.00094046	   0.08669051	   0.01022531	   6.47631979	
   0.00224000	   0.00128929	   0.00127012	   0.01323805	   0.01044328	   0.00055478	   0.00095071	   0.96323603	   0.03817663	   6.58420753	
   0.00198328	   0.00122228	   0.00120265	   0.01108394	   0.00856088	   0.00053978	   0.00076099	   0.48096406	   0.02078934	   6.67591333	
   0.00160174	   0.00103440	   0.00101437	   0.00789984	   0.00587365	   0.00042445	   0.00056734	   0.09746300	   0.00358683	   6.73862743	
   0.00139257	   0.00089849	   0.00087808	   0.00629915	   0.00456794	   0.00033864	   0.00049408	   0.07608750	   0.00414555	   6.78689384	
   0.00149004	   0.00120844	   0.00118778	   0.00458276	   0.00278736	   0.00030537	   0.00028160	   0.03696084	   0.00109995	   6.80166054	
   0.00107632	   0.00073261	   0.00071173	   0.00378489	   0.00250247	   0.00020610	   0.00034371	   0.08632238	   0.00427748	   6.83613396	
   0.00124122	   0.00082072	   0.00079975	   0.00499328	   0.00348415	   0.00026790	   0.00042050	   0.27139834	   0.01208158	   6.88493586	
   0.00093077	   0.00036424	   0.00034312	   0.00500023	   0.00383253	   0.00023694	   0.00056653	   0.19850506	   0.00512424	   6.95544291	
   0.00122455	   0.00045549	   0.00043426	   0.00784317	   0.00623778	   0.00038084	   0.00076907	   0.67929643	   0.01996710	   7.02814293	
   0.00177214	   0.00088215	   0.00086074	   0.01019682	   0.00798740	   0.00043728	   0.00088999	   0.85177314	   0.03753397	   7.13676119	
   0.00144387	   0.00044151	   0.00041986	   0.01087039	   0.00897341	   0.00045311	   0.00100236	   0.40914324	   0.03880919	   7.25832891	
   0.00222482	   0.00125660	   0.00123461	   0.01372803	   0.01095803	   0.00054518	   0.00096822	   0.63335168	   0.02592875	   7.40050650	
   0.00174568	   0.00076163	   0.00073926	   0.01321359	   0.01096330	   0.00050460	   0.00098405	   0.85332459	   0.01812048	   7.55081415	
   0.00149272	   0.00067811	   0.00065547	   0.01073647	   0.00877975	   0.00046400	   0.00081461	   0.32333818	   0.01181353	   7.67713690	
   0.00180418	   0.00129854	   0.00127545	   0.00879833	   0.00653666	   0.00045750	   0.00050564	   0.01598792	   0.00108526	   7.80591965	
   0.00099170	   0.00046087	   0.00043747	   0.00650379	   0.00521343	   0.00029867	   0.00053083	   0.15995590	   0.00495888	   7.90651560	
   0.00092377	   0.00051875	   0.00049511	   0.00492032	   0.00375271	   0.00024384	   0.00040502	   0.05901133	   0.00117494	   7.98543501	
   0.00040532	   0.00005200	   0.00002839	   0.00297751	   0.00245756	   0.00011463	   0.00035333	   0.13544385	   0.00280004	   7.99378681	
   0.00054993	   0.00012556	   0.00010207	   0.00342926	   0.00275314	   0.00012619	   0.00042437	   0.12185275	   0.00252677	   7.96532202	
   0.00079715	   0.00025458	   0.00023107	   0.00507947	   0.00405219	   0.00023013	   0.00054257	   0.27742368	   0.00706966	   7.96421671	
   0.00142800	   0.00064737	   0.00062378	   0.00889914	   0.00709632	   0.00037482	   0.00078063	   0.36490390	   0.01206453	   7.98914909	
   0.00079449	  -0.00043971	  -0.00046333	   0.00979604	   0.00869730	   0.00030424	   0.00123420	   1.55177200	   0.02235870	   8.03854752	
   0.00098116	  -0.00019766	  -0.00022117	   0.01201014	   0.01063766	   0.00039132	   0.00117882	   0.23121770	   0.00754177	   8.07905579	
   0.00201223	   0.00091139	   0.00088766	   0.01532149	   0.01277916	   0.00053011	   0.00110084	   0.41343367	   0.01210465	   8.16430283	
   0.00135542	   0.00027011	   0.00024615	   0.01340349	   0.01160131	   0.00044676	   0.00108531	   0.47726420	   0.01029083	   8.25505161	
   0.00073334	  -0.00027563	  -0.00029966	   0.01155439	   0.01041303	   0.00040801	   0.00100897	   0.44531304	   0.00742914	   8.31461525	
   0.00110742	   0.00037066	   0.00034643	   0.00861982	   0.00715249	   0.00035992	   0.00073676	   0.08526311	   0.00268822	   8.37797356	
   0.00077146	   0.00010487	   0.00008054	   0.00682422	   0.00579007	   0.00026269	   0.00066659	   0.13507740	   0.00212518	   8.40930367	
   0.00092440	   0.00055194	   0.00052751	   0.00438103	   0.00323184	   0.00022480	   0.00037246	   0.09793410	   0.00163605	   8.42616177	
   0.00192133	   0.00160064	   0.00158421	   0.00464431	   0.00240914	   0.00031384	   0.00032069	   0.09603473	   0.00509916	   6.13224602	
   0.00194805	   0.00155483	   0.00153812	   0.00530503	   0.00303609	   0.00032088	   0.00039322	   0.12484176	   0.00952071	   6.15141201	
   0.00152582	   0.00103357	   0.00101667	   0.00525640	   0.00343236	   0.00029823	   0.00049225	   0.17592786	   0.01693655	   6.16505909	
   0.00220017	   0.00152843	   0.00151124	   0.00799513	   0.00532384	   0.00047112	   0.00067174	   0.39632231	   0.02080220	   6.20182610	
   0.00229416	   0.00151890	   0.00150123	   0.00940160	   0.00658027	   0.00052717	   0.00077526	   0.38573062	   0.02141375	   6.28313160	
   0.00243509	   0.00157255	   0.00155442	   0.01124414	   0.00827286	   0.00053619	   0.00086254	   0.35816976	   0.03254982	   6.36863804	
   0.00290652	   0.00196605	   0.00194738	   0.01554282	   0.01196497	   0.00067133	   0.00094046	   0.08669051	   0.01022531	   6.47631979	
   0.00224000	   0.00128929	   0.00127012	   0.01323805	   0.01044328	   0.00055478	   0.00095071	   0.96323603	   0.03817663	   6.58420753	
   0.00198328	   0.00122228	   0.00120265	   0.01108394	   0.00856088	   0.00053978	   0.00076099	   0.48096406	   0.02078934	   6.67591333	
   0.00160174	   0.00103440	   0.00101437	   0.00789984	   0.00587365	   0.00042445	   0.00056734	   0.09746300	   0.00358683	   6.73862743	
   0.00139257	   0.00089849	   0.00087808	   0.00629915	   0.00456794	   0.00033864	   0.00049408	   0.07608750	   0.00414555	   6.78689384	
   0.00149004	   0.00120844	   0.00118778	   0.00458276	   0.00278736	   0.00030537	   0.00028160	   0.03696084	   0.00109995	   6.80166054	
   0.00107632	   0.00073261	   0.00071173	   0.00378489	   0.00250247	   0.00020610	   0.00034371	   0.08632238	   0.00427748	   6.83613396	
   0.00124122	   0.00082072	   0.00079975	   0.00499328	   0.00348415	   0.00026790	   0.00042050	   0.27139834	   0.01208158	   6.88493586	
   0.00093077	   0.00036424	   0.00034312	   0.00500023	   0.00383253	   0.00023694	   0.00056653	   0.19850506	   0.00512424	   6.95544291	
   0.00122455	   0.00045549	   0.00043426	   0.00784317	   0.00623778	   0.00038084	   0.00076907	   0.67929643	   0.01996710	   7.02814293	
   0.00177214	   0.00088215	   0.00086074	   0.01019682	   0.00798740	   0.00043728	   0.00088999	   0.85177314	   0.03753397	   7.13676119	
   0.00144387	   0.00044151	   0.00041986	   0.01087039	   0.00897341	   0.00045311	   0.00100236	   0.40914324	   0.03880919	   7.25832891	
   0.00222482	   0.00125660	   0.00123461	   0.01372803	   0.01095803	   0.00054518	   0.00096822	   0.63335168	   0.02592875	   7.40050650	
   0.00174568	   0.00076163	   0.00073926	   0.01321359	   0.01096330	   0.00050460	   0.00098405	   0.85332459	   0.01812048	   7.55081415	
   0.00149272	   0.00067811	   0.00065547	   0.01073647	   0.00877975	   0.00046400	   0.00081461	   0.32333818	   0.01181353	   7.67713690	
   0.00180418	   0.00129854	   0.00127545	   0.00879833	   0.00653666	   0.00045750	   0.00050564	   0.01598792	   0.00108526	   7.80591965	
   0.00099170	   0.00046087	   0.00043747	   0.00650379	   0.00521343	   0.00029867	   0.00053083	   0.15995590	   0.00495888	   7.90651560	
   0.00092377	   0.00051875	   0.00049511	   0.00492032	   0.00375271	   0.00024384	   0.00040502	   0.05901133	   0.00117494	   7.98543501	
   0.00040532	   0.00005200	   0.00002839	   0.00297751	   0.00245756	   0.00011463	   0.00035333	   0.13544385	   0.00280004	   7.99378681	
   0.00054993	   0.00012556	   0.00010207	   0.00342926	   0.00275314	   0.00012619	   0.00042437	   0.12185275	   0.00252677	   7.96532202	
   0.00079715	   0.00025458	   0.00023107	   0.00507947	   0.00405219	   0.00023013	   0.00054257	   0.27742368	   0.00706966	   7.96421671	
   0.00142800	   0.00064737	   0.00062378	   0.00889914	   0.00709632	   0.00037482	   0.00078063	   0.36490390	   0.01206453	   7.98914909	
   0.00079449	  -0.00043971	  -0.00046333	   0.00979604	   0.00869730	   0.00030424	   0.00123420	   1.55177200	   0.02235870	   8.03854752	
   0.00098116	  -0.00019766	  -0.00022117	   0.01201014	   0.01063766	   0.00039132	   0.00117882	   0.23121770	   0.00754177	   8.07905579	
   0.00201223	   0.00091139	   0.00088766	   0.01532149	   0.01277916	   0.00053011	   0.00110084	   0.41343367	   0.01210465	   8.16430283	
   0.00135542	   0.00027011	   0.00024615	   0.01340349	   0.01160131	   0.00044676	   0.00108531	   0.47726420	   0.01029083	   8.25505161	
   0.00073334	  -0.00027563	  -0.00029966	   0.01155439	   0.01041303	   0.00040801	   0.00100897	   0.44531304	   0.00742914	   8.31461525	
   0.00110742	   0.00037066	   0.00034643	   0.00861982	   0.00715249	   0.00035992	   0.00073676	   0.08526311	   0.00268822	   8.37797356	
   0.00077146	   0.00010487	   0.00008054	   0.00682422	   0.00579007	   0.00026269	   0.00066659	   0.13507740	   0.00212518	   8.40930367	
   0.00092440	   0.00055194	   0.00052751	   0.00438103	   0.00323184	   0.00022480	   0.00037246	   0.09793410	   0.00163605	   8.42616177	
   0.00093208	   0.00021803	   0.00016151	   0.00317635	   0.00202672	   0.00021755	   0.00071405	   0.08231650	   0.00307763	   5.26148176	
   0.00072567	  -0.00013867	  -0.00019486	   0.00349144	   0.00255384	   0.00021192	   0.00086435	   0.11612255	   0.00565180	   5.20049143	
   0.00069612	  -0.00025615	  -0.00031175	   0.00382525	   0.00285832	   0.00027081	   0.00095226	   0.16084644	   0.01048502	   5.14024067	
   0.00132873	  -0.00011806	  -0.00017321	   0.00612844	   0.00439126	   0.00040845	   0.00144680	   0.35600439	   0.01605987	   5.10454798	
   0.00120057	  -0.00044060	  -0.00049523	   0.00693822	   0.00534334	   0.00039431	   0.00164117	   0.31075835	   0.01565340	   5.08973360	
   0.00209715	   0.00040051	   0.00034563	   0.00933320	   0.00668383	   0.00055222	   0.00169664	   0.29418522	   0.02818092	   5.10759211	
   0.00163569	  -0.00026683	  -0.00032151	   0.01161444	   0.00958102	   0.00039774	   0.00190252	   0.05314662	   0.00879722	   5.12299967	
   0.00169407	  -0.00003063	  -0.00008461	   0.01033691	   0.00815387	   0.00048898	   0.00172470	   0.76526505	   0.02982902	   5.09780693	
   0.00191759	   0.00045305	   0.00039848	   0.00910012	   0.00660164	   0.00058089	   0.00146454	   0.34385327	   0.01801105	   5.12535429	
   0.00136172	   0.00028074	   0.00022566	   0.00625201	   0.00446067	   0.00042962	   0.00108098	   0.08320203	   0.00301652	   5.12588644	
   0.00106140	   0.00009819	   0.00004243	   0.00481416	   0.00342435	   0.00032840	   0.00096321	   0.06086204	   0.00352892	   5.12106562	
   0.00127637	   0.00070640	   0.00065046	   0.00363645	   0.00205159	   0.00030848	   0.00056998	   0.03267597	   0.00098251	   5.07281256	
   0.00063666	  -0.00004149	  -0.00009745	   0.00261680	   0.00180965	   0.00017049	   0.00067815	   0.06675069	   0.00398874	   5.02259827	
   0.00131902	   0.00050550	   0.00044980	   0.00413580	   0.00250851	   0.00030827	   0.00081351	   0.22590157	   0.01367493	   4.97103739	
   0.00080544	  -0.00023445	  -0.00029009	   0.00377983	   0.00271057	   0.00026382	   0.00103990	   0.17268619	   0.00507021	   4.95320225	
   0.00168487	   0.00023320	   0.00017787	   0.00657383	   0.00440625	   0.00048271	   0.00145167	   0.62050271	   0.02211320	   4.93505383	
   0.00220500	   0.00061922	   0.00056385	   0.00839288	   0.00559863	   0.00058925	   0.00158578	   0.72580868	   0.05299390	   4.96424294	
   0.00182347	   0.00004046	  -0.00001555	   0.00864591	   0.00624750	   0.00057493	   0.00178301	   0.28181896	   0.04736359	   5.02224874	
   0.00299602	   0.00126261	   0.00120575	   0.01137893	   0.00761218	   0.00077074	   0.00173341	   0.44949725	   0.03574960	   5.09811115	
   0.00197743	   0.00022286	   0.00016470	   0.01015722	   0.00759686	   0.00058293	   0.00175457	   0.73580194	   0.02099187	   5.18839121	
   0.00159982	   0.00014588	   0.00008781	   0.00806831	   0.00596768	   0.00050080	   0.00145394	   0.26045123	   0.01679095	   5.20478678	
   0.00207404	   0.00104874	   0.00098951	   0.00698550	   0.00437605	   0.00053541	   0.00102530	   0.00834344	   0.00127238	   5.24562120	
   0.00091596	  -0.00004368	  -0.00010330	   0.00467900	   0.00343464	   0.00032840	   0.00095964	   0.12155399	   0.00607222	   5.24560404	
   0.00081341	   0.00006647	   0.00000652	   0.00349504	   0.00242346	   0.00025818	   0.00074694	   0.04682910	   0.00151926	   5.22478819	
   0.00016945	  -0.00039726	  -0.00045657	   0.00182266	   0.00156003	   0.00009318	   0.00056671	   0.10346463	   0.00349806	   5.16245508	
   0.00024185	  -0.00045039	  -0.00050868	   0.00208698	   0.00173853	   0.00010660	   0.00069224	   0.09965438	   0.00342085	   5.10079813	
   0.00104328	   0.00011096	   0.00005299	   0.00390258	   0.00257315	   0.00028615	   0.00093233	   0.19820307	   0.00937912	   5.07901382	
   0.00178368	   0.00038131	   0.00032362	   0.00680528	   0.00455881	   0.00046279	   0.00140237	   0.31993812	   0.01757725	   5.08971834	
   0.00136594	  -0.00049504	  -0.00055258	   0.00743576	   0.00558071	   0.00048911	   0.00186098	   1.31777143	   0.03095043	   5.14378023	
   0.00161063	  -0.00017665	  -0.00023389	   0.00906990	   0.00689558	   0.00056369	   0.00178728	   0.17711000	   0.01079447	   5.19421864	
   0.00229305	   0.00046027	   0.00040263	   0.01123587	   0.00833248	   0.00061034	   0.00183278	   0.31321499	   0.01817777	   5.27452040	
   0.00181343	   0.00014597	   0.00008767	   0.00995534	   0.00758111	   0.00056079	   0.00166746	   0.41784829	   0.02073085	   5.36163950	
   0.00077130	  -0.00081123	  -0.00086931	   0.00792267	   0.00678111	   0.00037026	   0.00158254	   0.30496243	   0.01026463	   5.38880682	
   0.00066904	  -0.00047974	  -0.00053756	   0.00558900	   0.00457977	   0.00034018	   0.00114878	   0.05779346	   0.00529352	   5.39729548	
   0.00019269	  -0.00080425	  -0.00086178	   0.00408970	   0.00369197	   0.00020504	   0.00099694	   0.11603122	   0.00286890	   5.38503361	
   0.00071747	   0.00010097	   0.00004360	   0.00294138	   0.00202036	   0.00020354	   0.00061650	   0.07516899	   0.00242083	   5.35829163	
   0.00182070	   0.00129586	   0.00123852	   0.00425818	   0.00203753	   0.00039995	   0.00052484	   0.08254830	   0.00302476	   5.28810930	
   0.00182176	   0.00115767	   0.00109928	   0.00481530	   0.00259073	   0.00040280	   0.00066409	   0.11672129	   0.00542680	   5.27369213	
   0.00159029	   0.00073778	   0.00067885	   0.00489414	   0.00292271	   0.00038114	   0.00085251	   0.16221403	   0.00978686	   5.25474405	
   0.00239843	   0.00118076	   0.00112101	   0.00754538	   0.00452911	   0.00061784	   0.00121767	   0.36037812	   0.01465574	   5.26318502	
   0.00261433	   0.00119771	   0.00113623	   0.00891765	   0.00559386	   0.00070946	   0.00141662	   0.32058007	   0.01356611	   5.32864046	
   0.00283749	   0.00129281	   0.00122960	   0.01065350	   0.00707457	   0.00074144	   0.00154468	   0.30240649	   0.02463117	   5.40470839	
   0.00338620	   0.00175885	   0.00169352	   0.01460713	   0.01030703	   0.00091391	   0.00162734	   0.05703693	   0.00737119	   5.50913382	
   0.00279229	   0.00113616	   0.00106892	   0.01253896	   0.00897364	   0.00077303	   0.00165613	   0.81054282	   0.02218801	   5.61169529	
   0.00253214	   0.00114045	   0.00107141	   0.01061231	   0.00733768	   0.00074249	   0.00139169	   0.37262011	   0.01339862	   5.69838428	
   0.00197519	   0.00095116	   0.00088076	   0.00753183	   0.00499627	   0.00056036	   0.00102403	   0.08811373	   0.00220972	   5.74215364	
   0.00163896	   0.00076896	   0.00069714	   0.00593336	   0.00385189	   0.00044250	   0.00087001	   0.06591125	   0.00254958	   5.76231861	
   0.00148171	   0.00099867	   0.00092601	   0.00417400	   0.00232112	   0.00037117	   0.00048304	   0.03440379	   0.00072084	   5.73980236	
   0.00109171	   0.00052696	   0.00045364	   0.00341526	   0.00206520	   0.00025836	   0.00056475	   0.07175616	   0.00280842	   5.73502636	
   0.00132867	   0.00059863	   0.00052512	   0.00456575	   0.00290464	   0.00033244	   0.00073004	   0.24100077	   0.00847527	   5.75206280	
   0.00118821	   0.00020167	   0.00012797	   0.00468215	   0.00317055	   0.00032339	   0.00098654	   0.18298525	   0.00328497	   5.79421806	
   0.00162134	   0.00021941	   0.00014572	   0.00735358	   0.00522035	   0.00051189	   0.00140193	   0.64881355	   0.01302801	   5.84430599	
   0.00228593	   0.00068796	   0.00061392	   0.00961490	   0.00670501	   0.00062396	   0.00159797	   0.77278590	   0.03034123	   5.94350719	
   0.00212112	   0.00031146	   0.00023684	   0.01031813	   0.00754321	   0.00065381	   0.00180966	   0.31860244	   0.02651194	   6.06160736	
   0.00282648	   0.00110235	   0.00102653	   0.01288327	   0.00926852	   0.00078828	   0.00172413	   0.50475460	   0.02144489	   6.20728159	
   0.00240485	   0.00064001	   0.00056276	   0.01243948	   0.00931131	   0.00072332	   0.00176484	   0.79405797	   0.01089498	   6.36088371	
   0.00216682	   0.00069959	   0.00062158	   0.01025296	   0.00743229	   0.00065385	   0.00146723	   0.28263238	   0.00775122	   6.48424768	
   0.00214668	   0.00124882	   0.00116908	   0.00825334	   0.00550367	   0.00060299	   0.00089787	   0.01045651	   0.00069486	   6.59826422	
   0.00136701	   0.00044064	   0.00035980	   0.00613308	   0.00436703	   0.00039904	   0.00092637	   0.13730025	   0.00316018	   6.67323732	
   0.00117709	   0.00048271	   0.00040110	   0.00461436	   0.00311515	   0.00032212	   0.00069438	   0.05215420	   0.00078789	   6.71952105	
   0.00061596	   0.00006775	  -0.00001353	   0.00280153	   0.00201868	   0.00016688	   0.00054822	   0.12025554	   0.00174583	   6.68039274	
   0.00075550	   0.00008606	   0.00000537	   0.00319453	   0.00224889	   0.00019013	   0.00066944	   0.11008735	   0.00170571	   6.59828997	
   0.00098415	   0.00005177	  -0.00002864	   0.00458830	   0.00331240	   0.00029174	   0.00093239	   0.23011091	   0.00484209	   6.53928852	
   0.00178409	   0.00038365	   0.00030348	   0.00811688	   0.00582907	   0.00050372	   0.00140044	   0.34254560	   0.00852660	   6.51025867	
   0.00154228	  -0.00065762	  -0.00073724	   0.00908333	   0.00707497	   0.00046607	   0.00219990	   1.42867172	   0.01449632	   6.52104759	
   0.00185840	  -0.00021340	  -0.00029196	   0.01113404	   0.00867179	   0.00060385	   0.00207180	   0.19490781	   0.00537195	   6.53293753	
   0.00270139	   0.00076822	   0.00068910	   0.01389959	   0.01042342	   0.00077478	   0.00193317	   0.34826663	   0.00889007	   6.59816504	
   0.00216114	   0.00024590	   0.00016611	   0.01224445	   0.00942792	   0.00065538	   0.00191525	   0.44347262	   0.01035681	   6.66655159	
   0.00169166	  -0.00012270	  -0.00020227	   0.01070406	   0.00842183	   0.00059058	   0.00181435	   0.35074106	   0.00533101	   6.69253874	
   0.00167279	   0.00039566	   0.00031554	   0.00789740	   0.00570406	   0.00052055	   0.00127713	   0.06600121	   0.00291105	   6.72258043	
   0.00124333	   0.00009846	   0.00001817	   0.00622122	   0.00459934	   0.00037856	   0.00114487	   0.12444171	   0.00157272	   6.71014261	
   0.00107762	   0.00046386	   0.00038335	   0.00388477	   0.00251489	   0.00029226	   0.00061376	   0.08530936	   0.00140279	   6.66960382	
