       plotID    soilWater     soilSnow          LAI         vegC        litrC        soilC       totalC    leafC_sum    leafC_max        leafC        stemC       crootC         cwdc    FSM_soilw     FSM_icew    FSM_snoww
       123   176.33248901	   0.00000000	   5.60311842	   1.10669827	   0.14800330	   4.20496178	   5.45966339	   0.67155319	   0.00000000	   0.46621919	   0.00000000	   0.00000000	   0.00031965	   0.00659065	   0.03324156	   0.03967077	   0.06818066	   0.00863288	   0.04617197	   0.55202186	   3.59813523	
       123   184.17041016	   0.00000000	   6.32691717	   1.23216331	   0.17027906	   4.20759869	   5.61004114	   0.72359991	   0.00000000	   0.53090823	   0.00000000	   0.00000000	   0.00031793	   0.00359711	   0.03685055	   0.04763868	   0.08187480	   0.01063654	   0.04998171	   0.55094439	   3.59603620	
       123   178.98947144	   0.00000000	   6.40038252	   1.18204236	   0.17257217	   4.24403334	   5.59864807	   0.69998449	   0.00000000	   0.53127009	   0.00000000	   0.00000000	   0.00031621	   0.00588140	   0.03634981	   0.04782674	   0.08219801	   0.01098005	   0.05781281	   0.57946336	   3.59577703	
       plotID    soilWater     soilSnow          LAI         vegC        litrC        soilC       totalC    leafC_sum    leafC_max        leafC        stemC       crootC         cwdc    FSM_soilw     FSM_icew    FSM_snoww
       123   176.33416748	   0.00000000	   5.29626226	   0.85708135	   0.10724843	   4.22281647	   5.18714619	   0.57399392	   0.00000000	   0.42563450	   0.00000000	   0.00000000	   0.00031965	   0.00501426	   0.02534870	   0.02816305	   0.04840277	   0.00883953	   0.04740785	   0.56712800	   3.59944105	
       123   184.18383789	   0.00000000	   5.26021767	   0.95245069	   0.10936456	   4.22115660	   5.28297234	   0.61065936	   0.00000000	   0.43716210	   0.00000000	   0.00000000	   0.00031793	   0.00265587	   0.02424462	   0.03021565	   0.05193049	   0.00950025	   0.04899879	   0.56353748	   3.59912038	
       123   179.01239014	   0.00000000	   5.40950155	   0.86349463	   0.09933792	   4.22690105	   5.18973351	   0.58866608	   0.00000000	   0.44957706	   0.00000000	   0.00000000	   0.00031621	   0.00290121	   0.02254287	   0.02706391	   0.04651372	   0.00981502	   0.04878330	   0.56913793	   3.59916472	
       plotID    soilWater     soilSnow          LAI         vegC        litrC        soilC       totalC    leafC_sum    leafC_max        leafC        stemC       crootC         cwdc    FSM_soilw     FSM_icew    FSM_snoww
       123   176.33416748	   0.00000000	   5.29626226	   0.85708135	   0.10724843	   4.22281647	   5.18714619	   0.57399392	   0.00000000	   0.42563450	   0.00000000	   0.00000000	   0.00031965	   0.00501426	   0.02534870	   0.02816305	   0.04840277	   0.00883953	   0.04740785	   0.56712800	   3.59944105	
       123   184.18383789	   0.00000000	   5.26021767	   0.95245069	   0.10936456	   4.22115660	   5.28297234	   0.61065936	   0.00000000	   0.43716210	   0.00000000	   0.00000000	   0.00031793	   0.00265587	   0.02424462	   0.03021565	   0.05193049	   0.00950025	   0.04899879	   0.56353748	   3.59912038	
       123   179.01239014	   0.00000000	   5.40950155	   0.86349463	   0.09933792	   4.22690105	   5.18973351	   0.58866608	   0.00000000	   0.44957706	   0.00000000	   0.00000000	   0.00031621	   0.00290121	   0.02254287	   0.02706391	   0.04651372	   0.00981502	   0.04878330	   0.56913793	   3.59916472	
       plotID    soilWater     soilSnow          LAI         vegC        litrC        soilC       totalC    leafC_sum    leafC_max        leafC        stemC       crootC         cwdc    FSM_soilw     FSM_icew    FSM_snoww
       123   176.33248901	   0.00000000	   5.60311842	   1.10669827	   0.14800330	   4.20496178	   5.45966339	   0.67155319	   0.00000000	   0.46621919	   0.00000000	   0.00000000	   0.00031965	   0.00659065	   0.03324156	   0.03967077	   0.06818066	   0.00863288	   0.04617197	   0.55202186	   3.59813523	
       123   184.17041016	   0.00000000	   6.32691717	   1.23216331	   0.17027906	   4.20759869	   5.61004114	   0.72359991	   0.00000000	   0.53090823	   0.00000000	   0.00000000	   0.00031793	   0.00359711	   0.03685055	   0.04763868	   0.08187480	   0.01063654	   0.04998171	   0.55094439	   3.59603620	
       123   178.98947144	   0.00000000	   6.40038252	   1.18204236	   0.17257217	   4.24403334	   5.59864807	   0.69998449	   0.00000000	   0.53127009	   0.00000000	   0.00000000	   0.00031621	   0.00588140	   0.03634981	   0.04782674	   0.08219801	   0.01098005	   0.05781281	   0.57946336	   3.59577703	
