    plotID  year      PRCP      Tavg   max_LAI        ET     Trans    Evapor   CanopyW        OF       NPP       NBP       NEP       NEE       GPP        MR        GR        HR     root_MR     leaf_MR      bgc土壤水          bgc雪
       123  2003     854.9      18.8       6.8     151.3      45.8     105.6     575.1     705.6     728.2     492.6     499.4     492.6    3124.8    2235.0     161.5     228.9    1040.2    1194.8     180.2       0.0
       123  2004    1324.9      18.3       8.0     185.6      41.7     143.9    1024.2    1132.1     514.1     256.3     264.3     256.3    3067.3    2416.2     137.0     249.8    1132.4    1283.8     184.2       0.0
       123  2005    1329.9      17.7       8.4     172.9      37.2     135.7    1150.0    1162.2     362.1      64.3      73.0      64.3    3121.6    2644.3     115.2     289.1    1239.8    1404.6     184.8       0.0
    plotID  year      PRCP      Tavg   max_LAI        ET     Trans    Evapor   CanopyW        OF       NPP       NBP       NEP       NEE       GPP        MR        GR        HR     root_MR     leaf_MR      bgc土壤水          bgc雪
       123  2003     854.9      18.8       6.8     151.3      45.8     105.6     575.1     705.6     728.2     492.6     499.4     492.6    3124.8    2235.0     161.5     228.9    1040.2    1194.8     180.2       0.0
       123  2004    1324.9      18.3       8.0     185.6      41.7     143.9    1024.2    1132.1     514.1     256.3     264.3     256.3    3067.3    2416.2     137.0     249.8    1132.4    1283.8     184.2       0.0
       123  2005    1329.9      17.7       8.4     172.9      37.2     135.7    1150.0    1162.2     362.1      64.3      73.0      64.3    3121.6    2644.3     115.2     289.1    1239.8    1404.6     184.8       0.0
    plotID  year      PRCP      Tavg   max_LAI        ET     Trans    Evapor   CanopyW        OF       NPP       NBP       NEP       NEE       GPP        MR        GR        HR     root_MR     leaf_MR      bgc土壤水          bgc雪
       123  2003     854.9      18.8       5.3     173.9      88.5      85.4     359.4     683.7     485.2       7.5      27.7       7.5    2398.2    1773.3     139.8     457.5     707.3    1066.0     178.7       0.0
       123  2004    1324.9      18.3       5.3     202.2      82.1     120.2     551.0    1114.8     574.4      95.8     116.7      95.8    2405.8    1667.9     163.5     457.7     670.1     997.7     183.4       0.0
       123  2005    1329.9      17.7       5.4     184.5      73.1     111.5     571.3    1150.5     387.7     -93.2     -72.1     -93.2    2224.4    1705.6     131.1     459.8     685.6    1020.0     184.6       0.0
    plotID  year      PRCP      Tavg   max_LAI        ET     Trans    Evapor   CanopyW        OF       NPP       NBP       NEP       NEE       GPP        MR        GR        HR     root_MR     leaf_MR      bgc土壤水          bgc雪
       123  2003     854.9      18.8       5.8     176.5      88.3      88.2     378.8     681.2     818.7     390.7     414.3     390.7    2941.7    1908.1     215.0     404.4     760.8    1147.2     178.7       0.0
       123  2004    1324.9      18.3       6.7     207.8      81.5     126.4     662.9    1109.2     662.2     190.6     218.5     190.6    2882.6    2031.5     188.8     443.7     816.5    1215.0     183.3       0.0
       123  2005    1329.9      17.7       6.7     192.3      72.4     119.9     722.2    1142.8     551.9      19.0      48.2      19.0    2861.1    2143.4     165.8     503.7     861.8    1281.6     184.6       0.0
    plotID  year      PRCP      Tavg   max_LAI        ET     Trans    Evapor   CanopyW        OF       NPP       NBP       NEP       NEE       GPP        MR        GR        HR     root_MR     leaf_MR      bgc土壤水          bgc雪
