   0.00192133	   0.00160064	   0.00158421	   0.00464431	   0.00240914	   0.00031384	   0.00032069	   0.09603473	   0.00509916	   6.13224602	
   0.00194805	   0.00155483	   0.00153812	   0.00530503	   0.00303609	   0.00032088	   0.00039322	   0.12484176	   0.00952071	   6.15141201	
   0.00152582	   0.00103357	   0.00101667	   0.00525640	   0.00343236	   0.00029823	   0.00049225	   0.17592786	   0.01693655	   6.16505909	
   0.00220017	   0.00152843	   0.00151124	   0.00799513	   0.00532384	   0.00047112	   0.00067174	   0.39632231	   0.02080220	   6.20182610	
   0.00229416	   0.00151890	   0.00150123	   0.00940160	   0.00658027	   0.00052717	   0.00077526	   0.38573062	   0.02141375	   6.28313160	
   0.00243509	   0.00157255	   0.00155442	   0.01124414	   0.00827286	   0.00053619	   0.00086254	   0.35816976	   0.03254982	   6.36863804	
   0.00290652	   0.00196605	   0.00194738	   0.01554282	   0.01196497	   0.00067133	   0.00094046	   0.08669051	   0.01022531	   6.47631979	
   0.00224000	   0.00128929	   0.00127012	   0.01323805	   0.01044328	   0.00055478	   0.00095071	   0.96323603	   0.03817663	   6.58420753	
   0.00198328	   0.00122228	   0.00120265	   0.01108394	   0.00856088	   0.00053978	   0.00076099	   0.48096406	   0.02078934	   6.67591333	
   0.00160174	   0.00103440	   0.00101437	   0.00789984	   0.00587365	   0.00042445	   0.00056734	   0.09746300	   0.00358683	   6.73862743	
   0.00139257	   0.00089849	   0.00087808	   0.00629915	   0.00456794	   0.00033864	   0.00049408	   0.07608750	   0.00414555	   6.78689384	
   0.00149004	   0.00120844	   0.00118778	   0.00458276	   0.00278736	   0.00030537	   0.00028160	   0.03696084	   0.00109995	   6.80166054	
   0.00107632	   0.00073261	   0.00071173	   0.00378489	   0.00250247	   0.00020610	   0.00034371	   0.08632238	   0.00427748	   6.83613396	
   0.00124122	   0.00082072	   0.00079975	   0.00499328	   0.00348415	   0.00026790	   0.00042050	   0.27139834	   0.01208158	   6.88493586	
   0.00093077	   0.00036424	   0.00034312	   0.00500023	   0.00383253	   0.00023694	   0.00056653	   0.19850506	   0.00512424	   6.95544291	
   0.00122455	   0.00045549	   0.00043426	   0.00784317	   0.00623778	   0.00038084	   0.00076907	   0.67929643	   0.01996710	   7.02814293	
   0.00177214	   0.00088215	   0.00086074	   0.01019682	   0.00798740	   0.00043728	   0.00088999	   0.85177314	   0.03753397	   7.13676119	
   0.00144387	   0.00044151	   0.00041986	   0.01087039	   0.00897341	   0.00045311	   0.00100236	   0.40914324	   0.03880919	   7.25832891	
   0.00222482	   0.00125660	   0.00123461	   0.01372803	   0.01095803	   0.00054518	   0.00096822	   0.63335168	   0.02592875	   7.40050650	
   0.00174568	   0.00076163	   0.00073926	   0.01321359	   0.01096330	   0.00050460	   0.00098405	   0.85332459	   0.01812048	   7.55081415	
   0.00149272	   0.00067811	   0.00065547	   0.01073647	   0.00877975	   0.00046400	   0.00081461	   0.32333818	   0.01181353	   7.67713690	
   0.00180418	   0.00129854	   0.00127545	   0.00879833	   0.00653666	   0.00045750	   0.00050564	   0.01598792	   0.00108526	   7.80591965	
   0.00099170	   0.00046087	   0.00043747	   0.00650379	   0.00521343	   0.00029867	   0.00053083	   0.15995590	   0.00495888	   7.90651560	
   0.00092377	   0.00051875	   0.00049511	   0.00492032	   0.00375271	   0.00024384	   0.00040502	   0.05901133	   0.00117494	   7.98543501	
   0.00040532	   0.00005200	   0.00002839	   0.00297751	   0.00245756	   0.00011463	   0.00035333	   0.13544385	   0.00280004	   7.99378681	
   0.00054993	   0.00012556	   0.00010207	   0.00342926	   0.00275314	   0.00012619	   0.00042437	   0.12185275	   0.00252677	   7.96532202	
   0.00079715	   0.00025458	   0.00023107	   0.00507947	   0.00405219	   0.00023013	   0.00054257	   0.27742368	   0.00706966	   7.96421671	
   0.00142800	   0.00064737	   0.00062378	   0.00889914	   0.00709632	   0.00037482	   0.00078063	   0.36490390	   0.01206453	   7.98914909	
   0.00079449	  -0.00043971	  -0.00046333	   0.00979604	   0.00869730	   0.00030424	   0.00123420	   1.55177200	   0.02235870	   8.03854752	
   0.00098116	  -0.00019766	  -0.00022117	   0.01201014	   0.01063766	   0.00039132	   0.00117882	   0.23121770	   0.00754177	   8.07905579	
   0.00201223	   0.00091139	   0.00088766	   0.01532149	   0.01277916	   0.00053011	   0.00110084	   0.41343367	   0.01210465	   8.16430283	
   0.00135542	   0.00027011	   0.00024615	   0.01340349	   0.01160131	   0.00044676	   0.00108531	   0.47726420	   0.01029083	   8.25505161	
   0.00073334	  -0.00027563	  -0.00029966	   0.01155439	   0.01041303	   0.00040801	   0.00100897	   0.44531304	   0.00742914	   8.31461525	
   0.00110742	   0.00037066	   0.00034643	   0.00861982	   0.00715249	   0.00035992	   0.00073676	   0.08526311	   0.00268822	   8.37797356	
   0.00077146	   0.00010487	   0.00008054	   0.00682422	   0.00579007	   0.00026269	   0.00066659	   0.13507740	   0.00212518	   8.40930367	
   0.00092440	   0.00055194	   0.00052751	   0.00438103	   0.00323184	   0.00022480	   0.00037246	   0.09793410	   0.00163605	   8.42616177	
   0.00192133	   0.00160064	   0.00158421	   0.00464431	   0.00240914	   0.00031384	   0.00032069	   0.09603473	   0.00509916	   6.13224602	
   0.00194805	   0.00155483	   0.00153812	   0.00530503	   0.00303609	   0.00032088	   0.00039322	   0.12484176	   0.00952071	   6.15141201	
   0.00152582	   0.00103357	   0.00101667	   0.00525640	   0.00343236	   0.00029823	   0.00049225	   0.17592786	   0.01693655	   6.16505909	
   0.00220017	   0.00152843	   0.00151124	   0.00799513	   0.00532384	   0.00047112	   0.00067174	   0.39632231	   0.02080220	   6.20182610	
   0.00229416	   0.00151890	   0.00150123	   0.00940160	   0.00658027	   0.00052717	   0.00077526	   0.38573062	   0.02141375	   6.28313160	
   0.00243509	   0.00157255	   0.00155442	   0.01124414	   0.00827286	   0.00053619	   0.00086254	   0.35816976	   0.03254982	   6.36863804	
   0.00290652	   0.00196605	   0.00194738	   0.01554282	   0.01196497	   0.00067133	   0.00094046	   0.08669051	   0.01022531	   6.47631979	
   0.00224000	   0.00128929	   0.00127012	   0.01323805	   0.01044328	   0.00055478	   0.00095071	   0.96323603	   0.03817663	   6.58420753	
   0.00198328	   0.00122228	   0.00120265	   0.01108394	   0.00856088	   0.00053978	   0.00076099	   0.48096406	   0.02078934	   6.67591333	
   0.00160174	   0.00103440	   0.00101437	   0.00789984	   0.00587365	   0.00042445	   0.00056734	   0.09746300	   0.00358683	   6.73862743	
   0.00139257	   0.00089849	   0.00087808	   0.00629915	   0.00456794	   0.00033864	   0.00049408	   0.07608750	   0.00414555	   6.78689384	
   0.00149004	   0.00120844	   0.00118778	   0.00458276	   0.00278736	   0.00030537	   0.00028160	   0.03696084	   0.00109995	   6.80166054	
   0.00107632	   0.00073261	   0.00071173	   0.00378489	   0.00250247	   0.00020610	   0.00034371	   0.08632238	   0.00427748	   6.83613396	
   0.00124122	   0.00082072	   0.00079975	   0.00499328	   0.00348415	   0.00026790	   0.00042050	   0.27139834	   0.01208158	   6.88493586	
   0.00093077	   0.00036424	   0.00034312	   0.00500023	   0.00383253	   0.00023694	   0.00056653	   0.19850506	   0.00512424	   6.95544291	
   0.00122455	   0.00045549	   0.00043426	   0.00784317	   0.00623778	   0.00038084	   0.00076907	   0.67929643	   0.01996710	   7.02814293	
   0.00177214	   0.00088215	   0.00086074	   0.01019682	   0.00798740	   0.00043728	   0.00088999	   0.85177314	   0.03753397	   7.13676119	
   0.00144387	   0.00044151	   0.00041986	   0.01087039	   0.00897341	   0.00045311	   0.00100236	   0.40914324	   0.03880919	   7.25832891	
   0.00222482	   0.00125660	   0.00123461	   0.01372803	   0.01095803	   0.00054518	   0.00096822	   0.63335168	   0.02592875	   7.40050650	
   0.00174568	   0.00076163	   0.00073926	   0.01321359	   0.01096330	   0.00050460	   0.00098405	   0.85332459	   0.01812048	   7.55081415	
   0.00149272	   0.00067811	   0.00065547	   0.01073647	   0.00877975	   0.00046400	   0.00081461	   0.32333818	   0.01181353	   7.67713690	
   0.00180418	   0.00129854	   0.00127545	   0.00879833	   0.00653666	   0.00045750	   0.00050564	   0.01598792	   0.00108526	   7.80591965	
   0.00099170	   0.00046087	   0.00043747	   0.00650379	   0.00521343	   0.00029867	   0.00053083	   0.15995590	   0.00495888	   7.90651560	
   0.00092377	   0.00051875	   0.00049511	   0.00492032	   0.00375271	   0.00024384	   0.00040502	   0.05901133	   0.00117494	   7.98543501	
   0.00040532	   0.00005200	   0.00002839	   0.00297751	   0.00245756	   0.00011463	   0.00035333	   0.13544385	   0.00280004	   7.99378681	
   0.00054993	   0.00012556	   0.00010207	   0.00342926	   0.00275314	   0.00012619	   0.00042437	   0.12185275	   0.00252677	   7.96532202	
   0.00079715	   0.00025458	   0.00023107	   0.00507947	   0.00405219	   0.00023013	   0.00054257	   0.27742368	   0.00706966	   7.96421671	
   0.00142800	   0.00064737	   0.00062378	   0.00889914	   0.00709632	   0.00037482	   0.00078063	   0.36490390	   0.01206453	   7.98914909	
   0.00079449	  -0.00043971	  -0.00046333	   0.00979604	   0.00869730	   0.00030424	   0.00123420	   1.55177200	   0.02235870	   8.03854752	
   0.00098116	  -0.00019766	  -0.00022117	   0.01201014	   0.01063766	   0.00039132	   0.00117882	   0.23121770	   0.00754177	   8.07905579	
   0.00201223	   0.00091139	   0.00088766	   0.01532149	   0.01277916	   0.00053011	   0.00110084	   0.41343367	   0.01210465	   8.16430283	
   0.00135542	   0.00027011	   0.00024615	   0.01340349	   0.01160131	   0.00044676	   0.00108531	   0.47726420	   0.01029083	   8.25505161	
   0.00073334	  -0.00027563	  -0.00029966	   0.01155439	   0.01041303	   0.00040801	   0.00100897	   0.44531304	   0.00742914	   8.31461525	
   0.00110742	   0.00037066	   0.00034643	   0.00861982	   0.00715249	   0.00035992	   0.00073676	   0.08526311	   0.00268822	   8.37797356	
   0.00077146	   0.00010487	   0.00008054	   0.00682422	   0.00579007	   0.00026269	   0.00066659	   0.13507740	   0.00212518	   8.40930367	
   0.00092440	   0.00055194	   0.00052751	   0.00438103	   0.00323184	   0.00022480	   0.00037246	   0.09793410	   0.00163605	   8.42616177	
   0.00093208	   0.00021803	   0.00016151	   0.00317635	   0.00202672	   0.00021755	   0.00071405	   0.08231650	   0.00307763	   5.26148176	
   0.00072567	  -0.00013867	  -0.00019486	   0.00349144	   0.00255384	   0.00021192	   0.00086435	   0.11612255	   0.00565180	   5.20049143	
   0.00069612	  -0.00025615	  -0.00031175	   0.00382525	   0.00285832	   0.00027081	   0.00095226	   0.16084644	   0.01048502	   5.14024067	
   0.00132873	  -0.00011806	  -0.00017321	   0.00612844	   0.00439126	   0.00040845	   0.00144680	   0.35600439	   0.01605987	   5.10454798	
   0.00120057	  -0.00044060	  -0.00049523	   0.00693822	   0.00534334	   0.00039431	   0.00164117	   0.31075835	   0.01565340	   5.08973360	
   0.00209715	   0.00040051	   0.00034563	   0.00933320	   0.00668383	   0.00055222	   0.00169664	   0.29418522	   0.02818092	   5.10759211	
   0.00163569	  -0.00026683	  -0.00032151	   0.01161444	   0.00958102	   0.00039774	   0.00190252	   0.05314662	   0.00879722	   5.12299967	
   0.00169407	  -0.00003063	  -0.00008461	   0.01033691	   0.00815387	   0.00048898	   0.00172470	   0.76526505	   0.02982902	   5.09780693	
   0.00191759	   0.00045305	   0.00039848	   0.00910012	   0.00660164	   0.00058089	   0.00146454	   0.34385327	   0.01801105	   5.12535429	
   0.00136172	   0.00028074	   0.00022566	   0.00625201	   0.00446067	   0.00042962	   0.00108098	   0.08320203	   0.00301652	   5.12588644	
   0.00106140	   0.00009819	   0.00004243	   0.00481416	   0.00342435	   0.00032840	   0.00096321	   0.06086204	   0.00352892	   5.12106562	
   0.00127637	   0.00070640	   0.00065046	   0.00363645	   0.00205159	   0.00030848	   0.00056998	   0.03267597	   0.00098251	   5.07281256	
   0.00063666	  -0.00004149	  -0.00009745	   0.00261680	   0.00180965	   0.00017049	   0.00067815	   0.06675069	   0.00398874	   5.02259827	
   0.00131902	   0.00050550	   0.00044980	   0.00413580	   0.00250851	   0.00030827	   0.00081351	   0.22590157	   0.01367493	   4.97103739	
   0.00080544	  -0.00023445	  -0.00029009	   0.00377983	   0.00271057	   0.00026382	   0.00103990	   0.17268619	   0.00507021	   4.95320225	
   0.00168487	   0.00023320	   0.00017787	   0.00657383	   0.00440625	   0.00048271	   0.00145167	   0.62050271	   0.02211320	   4.93505383	
   0.00220500	   0.00061922	   0.00056385	   0.00839288	   0.00559863	   0.00058925	   0.00158578	   0.72580868	   0.05299390	   4.96424294	
   0.00182347	   0.00004046	  -0.00001555	   0.00864591	   0.00624750	   0.00057493	   0.00178301	   0.28181896	   0.04736359	   5.02224874	
   0.00299602	   0.00126261	   0.00120575	   0.01137893	   0.00761218	   0.00077074	   0.00173341	   0.44949725	   0.03574960	   5.09811115	
   0.00197743	   0.00022286	   0.00016470	   0.01015722	   0.00759686	   0.00058293	   0.00175457	   0.73580194	   0.02099187	   5.18839121	
   0.00159982	   0.00014588	   0.00008781	   0.00806831	   0.00596768	   0.00050080	   0.00145394	   0.26045123	   0.01679095	   5.20478678	
   0.00207404	   0.00104874	   0.00098951	   0.00698550	   0.00437605	   0.00053541	   0.00102530	   0.00834344	   0.00127238	   5.24562120	
   0.00091596	  -0.00004368	  -0.00010330	   0.00467900	   0.00343464	   0.00032840	   0.00095964	   0.12155399	   0.00607222	   5.24560404	
   0.00081341	   0.00006647	   0.00000652	   0.00349504	   0.00242346	   0.00025818	   0.00074694	   0.04682910	   0.00151926	   5.22478819	
   0.00016945	  -0.00039726	  -0.00045657	   0.00182266	   0.00156003	   0.00009318	   0.00056671	   0.10346463	   0.00349806	   5.16245508	
   0.00024185	  -0.00045039	  -0.00050868	   0.00208698	   0.00173853	   0.00010660	   0.00069224	   0.09965438	   0.00342085	   5.10079813	
   0.00104328	   0.00011096	   0.00005299	   0.00390258	   0.00257315	   0.00028615	   0.00093233	   0.19820307	   0.00937912	   5.07901382	
   0.00178368	   0.00038131	   0.00032362	   0.00680528	   0.00455881	   0.00046279	   0.00140237	   0.31993812	   0.01757725	   5.08971834	
   0.00136594	  -0.00049504	  -0.00055258	   0.00743576	   0.00558071	   0.00048911	   0.00186098	   1.31777143	   0.03095043	   5.14378023	
   0.00161063	  -0.00017665	  -0.00023389	   0.00906990	   0.00689558	   0.00056369	   0.00178728	   0.17711000	   0.01079447	   5.19421864	
   0.00229305	   0.00046027	   0.00040263	   0.01123587	   0.00833248	   0.00061034	   0.00183278	   0.31321499	   0.01817777	   5.27452040	
   0.00181343	   0.00014597	   0.00008767	   0.00995534	   0.00758111	   0.00056079	   0.00166746	   0.41784829	   0.02073085	   5.36163950	
   0.00077130	  -0.00081123	  -0.00086931	   0.00792267	   0.00678111	   0.00037026	   0.00158254	   0.30496243	   0.01026463	   5.38880682	
   0.00066904	  -0.00047974	  -0.00053756	   0.00558900	   0.00457977	   0.00034018	   0.00114878	   0.05779346	   0.00529352	   5.39729548	
   0.00019269	  -0.00080425	  -0.00086178	   0.00408970	   0.00369197	   0.00020504	   0.00099694	   0.11603122	   0.00286890	   5.38503361	
   0.00071747	   0.00010097	   0.00004360	   0.00294138	   0.00202036	   0.00020354	   0.00061650	   0.07516899	   0.00242083	   5.35829163	
   0.00182070	   0.00129586	   0.00123852	   0.00425818	   0.00203753	   0.00039995	   0.00052484	   0.08254830	   0.00302476	   5.28810930	
   0.00182176	   0.00115767	   0.00109928	   0.00481530	   0.00259073	   0.00040280	   0.00066409	   0.11672129	   0.00542680	   5.27369213	
   0.00159029	   0.00073778	   0.00067885	   0.00489414	   0.00292271	   0.00038114	   0.00085251	   0.16221403	   0.00978686	   5.25474405	
   0.00239843	   0.00118076	   0.00112101	   0.00754538	   0.00452911	   0.00061784	   0.00121767	   0.36037812	   0.01465574	   5.26318502	
   0.00261433	   0.00119771	   0.00113623	   0.00891765	   0.00559386	   0.00070946	   0.00141662	   0.32058007	   0.01356611	   5.32864046	
   0.00283749	   0.00129281	   0.00122960	   0.01065350	   0.00707457	   0.00074144	   0.00154468	   0.30240649	   0.02463117	   5.40470839	
   0.00338620	   0.00175885	   0.00169352	   0.01460713	   0.01030703	   0.00091391	   0.00162734	   0.05703693	   0.00737119	   5.50913382	
   0.00279229	   0.00113616	   0.00106892	   0.01253896	   0.00897364	   0.00077303	   0.00165613	   0.81054282	   0.02218801	   5.61169529	
   0.00253214	   0.00114045	   0.00107141	   0.01061231	   0.00733768	   0.00074249	   0.00139169	   0.37262011	   0.01339862	   5.69838428	
   0.00197519	   0.00095116	   0.00088076	   0.00753183	   0.00499627	   0.00056036	   0.00102403	   0.08811373	   0.00220972	   5.74215364	
   0.00163896	   0.00076896	   0.00069714	   0.00593336	   0.00385189	   0.00044250	   0.00087001	   0.06591125	   0.00254958	   5.76231861	
   0.00148171	   0.00099867	   0.00092601	   0.00417400	   0.00232112	   0.00037117	   0.00048304	   0.03440379	   0.00072084	   5.73980236	
   0.00109171	   0.00052696	   0.00045364	   0.00341526	   0.00206520	   0.00025836	   0.00056475	   0.07175616	   0.00280842	   5.73502636	
   0.00132867	   0.00059863	   0.00052512	   0.00456575	   0.00290464	   0.00033244	   0.00073004	   0.24100077	   0.00847527	   5.75206280	
   0.00118821	   0.00020167	   0.00012797	   0.00468215	   0.00317055	   0.00032339	   0.00098654	   0.18298525	   0.00328497	   5.79421806	
   0.00162134	   0.00021941	   0.00014572	   0.00735358	   0.00522035	   0.00051189	   0.00140193	   0.64881355	   0.01302801	   5.84430599	
   0.00228593	   0.00068796	   0.00061392	   0.00961490	   0.00670501	   0.00062396	   0.00159797	   0.77278590	   0.03034123	   5.94350719	
   0.00212112	   0.00031146	   0.00023684	   0.01031813	   0.00754321	   0.00065381	   0.00180966	   0.31860244	   0.02651194	   6.06160736	
   0.00282648	   0.00110235	   0.00102653	   0.01288327	   0.00926852	   0.00078828	   0.00172413	   0.50475460	   0.02144489	   6.20728159	
   0.00240485	   0.00064001	   0.00056276	   0.01243948	   0.00931131	   0.00072332	   0.00176484	   0.79405797	   0.01089498	   6.36088371	
   0.00216682	   0.00069959	   0.00062158	   0.01025296	   0.00743229	   0.00065385	   0.00146723	   0.28263238	   0.00775122	   6.48424768	
   0.00214668	   0.00124882	   0.00116908	   0.00825334	   0.00550367	   0.00060299	   0.00089787	   0.01045651	   0.00069486	   6.59826422	
   0.00136701	   0.00044064	   0.00035980	   0.00613308	   0.00436703	   0.00039904	   0.00092637	   0.13730025	   0.00316018	   6.67323732	
   0.00117709	   0.00048271	   0.00040110	   0.00461436	   0.00311515	   0.00032212	   0.00069438	   0.05215420	   0.00078789	   6.71952105	
   0.00061596	   0.00006775	  -0.00001353	   0.00280153	   0.00201868	   0.00016688	   0.00054822	   0.12025554	   0.00174583	   6.68039274	
   0.00075550	   0.00008606	   0.00000537	   0.00319453	   0.00224889	   0.00019013	   0.00066944	   0.11008735	   0.00170571	   6.59828997	
   0.00098415	   0.00005177	  -0.00002864	   0.00458830	   0.00331240	   0.00029174	   0.00093239	   0.23011091	   0.00484209	   6.53928852	
   0.00178409	   0.00038365	   0.00030348	   0.00811688	   0.00582907	   0.00050372	   0.00140044	   0.34254560	   0.00852660	   6.51025867	
   0.00154228	  -0.00065762	  -0.00073724	   0.00908333	   0.00707497	   0.00046607	   0.00219990	   1.42867172	   0.01449632	   6.52104759	
   0.00185840	  -0.00021340	  -0.00029196	   0.01113404	   0.00867179	   0.00060385	   0.00207180	   0.19490781	   0.00537195	   6.53293753	
   0.00270139	   0.00076822	   0.00068910	   0.01389959	   0.01042342	   0.00077478	   0.00193317	   0.34826663	   0.00889007	   6.59816504	
   0.00216114	   0.00024590	   0.00016611	   0.01224445	   0.00942792	   0.00065538	   0.00191525	   0.44347262	   0.01035681	   6.66655159	
   0.00169166	  -0.00012270	  -0.00020227	   0.01070406	   0.00842183	   0.00059058	   0.00181435	   0.35074106	   0.00533101	   6.69253874	
   0.00167279	   0.00039566	   0.00031554	   0.00789740	   0.00570406	   0.00052055	   0.00127713	   0.06600121	   0.00291105	   6.72258043	
   0.00124333	   0.00009846	   0.00001817	   0.00622122	   0.00459934	   0.00037856	   0.00114487	   0.12444171	   0.00157272	   6.71014261	
   0.00107762	   0.00046386	   0.00038335	   0.00388477	   0.00251489	   0.00029226	   0.00061376	   0.08530936	   0.00140279	   6.66960382	
   0.00032930	  -0.00008613	  -0.00009744	   0.00061239	   0.00017678	   0.00010632	   0.00041542	   0.01524016	   0.06491256	   0.46315223	
   0.00056027	  -0.00071908	  -0.00073064	   0.00097378	   0.00024605	   0.00016746	   0.00127935	   0.02107633	   0.08856333	   0.49880514	
   0.00087413	  -0.00083274	  -0.00084470	   0.00144506	   0.00030674	   0.00026419	   0.00170687	   0.03844544	   0.14838593	   0.54680270	
   0.00137223	  -0.00121312	  -0.00122621	   0.00233662	   0.00055257	   0.00041181	   0.00258535	   0.07402584	   0.23208366	   0.63903064	
   0.00162934	  -0.00132573	  -0.00134048	   0.00292353	   0.00080142	   0.00049277	   0.00295507	   0.07157673	   0.22433980	   0.76312149	
   0.00258713	  -0.00053362	  -0.00055110	   0.00460281	   0.00124060	   0.00077508	   0.00312076	   0.09171227	   0.23729804	   0.94189155	
   0.00306504	  -0.00053045	  -0.00055167	   0.00619391	   0.00221033	   0.00091854	   0.00359550	   0.01194625	   0.09231701	   1.17794693	
   0.00312424	  -0.00015033	  -0.00017558	   0.00633651	   0.00227590	   0.00093637	   0.00327457	   0.29509819	   0.29387227	   1.42809534	
   0.00322158	   0.00050509	   0.00047546	   0.00636624	   0.00217097	   0.00097369	   0.00271649	   0.14429474	   0.14042418	   1.69256461	
   0.00257608	   0.00066670	   0.00063352	   0.00501739	   0.00165794	   0.00078337	   0.00190938	   0.04672778	   0.02417983	   1.90845597	
   0.00187236	   0.00037949	   0.00034273	   0.00386886	   0.00141339	   0.00058311	   0.00149287	   0.02844314	   0.02074355	   2.12354159	
   0.00175359	   0.00087837	   0.00083948	   0.00319342	   0.00091103	   0.00052880	   0.00087522	   0.02219166	   0.00542940	   2.25389934	
   0.00092365	   0.00010048	   0.00005978	   0.00207831	   0.00087246	   0.00028220	   0.00082317	   0.04492874	   0.01867253	   2.42852569	
   0.00241439	   0.00125385	   0.00121169	   0.00448165	   0.00134390	   0.00072336	   0.00116055	   0.14689828	   0.04813219	   2.64101076	
   0.00199799	   0.00061746	   0.00057228	   0.00423520	   0.00161744	   0.00061977	   0.00138053	   0.13804837	   0.01731907	   2.95477509	
   0.00370921	   0.00159332	   0.00154478	   0.00781208	   0.00295611	   0.00114675	   0.00211589	   0.54061288	   0.05964728	   3.29183865	
   0.00421691	   0.00174263	   0.00168948	   0.00968181	   0.00420278	   0.00126212	   0.00247428	   0.63432431	   0.10001668	   3.70931101	
   0.00319645	   0.00042709	   0.00036888	   0.00940031	   0.00518397	   0.00101989	   0.00276936	   0.24892043	   0.08662307	   4.15422726	
   0.00428273	   0.00136561	   0.00130277	   0.01237824	   0.00682412	   0.00127140	   0.00291712	   0.42496455	   0.04509664	   4.56897783	
   0.00255491	  -0.00033315	  -0.00040079	   0.01070887	   0.00731239	   0.00084156	   0.00288806	   0.72673440	   0.02363789	   4.99926424	
   0.00190023	  -0.00053024	  -0.00059993	   0.00860462	   0.00603356	   0.00067084	   0.00243047	   0.26091239	   0.01657970	   5.26736116	
   0.00276558	   0.00102940	   0.00095636	   0.00826438	   0.00466483	   0.00083398	   0.00173618	   0.00867280	   0.00113405	   5.59606695	
   0.00118926	  -0.00025943	  -0.00033456	   0.00551864	   0.00382653	   0.00050285	   0.00144869	   0.12849715	   0.00452001	   5.85565519	
   0.00111558	   0.00005013	  -0.00002704	   0.00437639	   0.00282635	   0.00043446	   0.00106545	   0.05023527	   0.00097867	   6.10488605	
   0.00006156	  -0.00070776	  -0.00078526	   0.00208504	   0.00188064	   0.00014285	   0.00076932	   0.11532812	   0.00208979	   6.22172594	
   0.00017657	  -0.00083479	  -0.00091155	   0.00248182	   0.00213250	   0.00017275	   0.00101136	   0.10774632	   0.00195401	   6.25425339	
   0.00122564	  -0.00029308	  -0.00037004	   0.00487332	   0.00322084	   0.00042685	   0.00151871	   0.22626013	   0.00518616	   6.35465860	
   0.00226955	  -0.00014883	  -0.00022639	   0.00881680	   0.00583834	   0.00070892	   0.00241838	   0.34274834	   0.00845348	   6.51117086	
   0.00105379	  -0.00210740	  -0.00218538	   0.00888915	   0.00725665	   0.00057871	   0.00316119	   1.43834782	   0.01341333	   6.68856144	
   0.00069440	  -0.00253622	  -0.00261400	   0.01024079	   0.00906280	   0.00048359	   0.00323063	   0.19859304	   0.00471325	   6.82620144	
   0.00074235	  -0.00262640	  -0.00270342	   0.01198024	   0.01094797	   0.00028993	   0.00336875	   0.35646561	   0.00763380	   6.92989206	
   0.00043826	  -0.00273365	  -0.00280989	   0.01071205	   0.00993210	   0.00034168	   0.00317191	   0.44976193	   0.00888801	   7.02452755	
  -0.00081152	  -0.00378099	  -0.00385594	   0.00819702	   0.00891039	   0.00009815	   0.00296947	   0.36272028	   0.00454213	   7.08133936	
  -0.00018366	  -0.00239342	  -0.00246698	   0.00611490	   0.00603729	   0.00026127	   0.00220976	   0.06840093	   0.00253455	   7.11771679	
  -0.00056396	  -0.00242926	  -0.00250197	   0.00450613	   0.00491258	   0.00015751	   0.00186530	   0.12707655	   0.00134448	   7.17110872	
   0.00062177	  -0.00048143	  -0.00055364	   0.00357651	   0.00272331	   0.00023143	   0.00110320	   0.08836161	   0.00119148	   7.22323084	
   0.00029731	  -0.00011810	  -0.00012940	   0.00057048	   0.00017625	   0.00009691	   0.00041542	   0.01521176	   0.06496031	   0.46190163	
   0.00061377	  -0.00066558	  -0.00067712	   0.00104270	   0.00024544	   0.00018350	   0.00127935	   0.02102278	   0.08862375	   0.49748659	
   0.00073016	  -0.00097671	  -0.00098865	   0.00125454	   0.00030536	   0.00021902	   0.00170687	   0.03832077	   0.14854805	   0.54562753	
   0.00140497	  -0.00118031	  -0.00119322	   0.00236964	   0.00054375	   0.00042091	   0.00258528	   0.07287291	   0.23367882	   0.62867188	
   0.00191214	  -0.00104291	  -0.00105776	   0.00329281	   0.00080605	   0.00057461	   0.00295505	   0.07172896	   0.22404253	   0.76761705	
   0.00273340	  -0.00038723	  -0.00040504	   0.00481751	   0.00126471	   0.00081941	   0.00312063	   0.09314737	   0.23524088	   0.95999688	
   0.00383293	   0.00024028	   0.00021805	   0.00729487	   0.00231262	   0.00114931	   0.00359265	   0.01245693	   0.08913776	   1.23168087	
   0.00377000	   0.00049795	   0.00047063	   0.00735668	   0.00245619	   0.00113048	   0.00327205	   0.31322101	   0.27439871	   1.54137254	
   0.00407002	   0.00135242	   0.00131961	   0.00768876	   0.00239307	   0.00122566	   0.00271761	   0.15549818	   0.12627178	   1.86703849	
   0.00361753	   0.00170686	   0.00166905	   0.00658602	   0.00187815	   0.00109033	   0.00191067	   0.05159694	   0.01971424	   2.16293001	
   0.00266668	   0.00117231	   0.00112945	   0.00510996	   0.00163634	   0.00080693	   0.00149437	   0.03237563	   0.01696113	   2.46055174	
   0.00203461	   0.00115686	   0.00111121	   0.00370771	   0.00106215	   0.00061094	   0.00087776	   0.02410769	   0.00424275	   2.62802148	
   0.00106547	   0.00022753	   0.00017983	   0.00240095	   0.00101692	   0.00031856	   0.00083794	   0.04928426	   0.01482186	   2.83085585	
   0.00243252	   0.00124316	   0.00119403	   0.00472387	   0.00156190	   0.00072944	   0.00118936	   0.16686293	   0.03895575	   3.07127547	
   0.00233352	   0.00092105	   0.00086874	   0.00491956	   0.00187403	   0.00071201	   0.00141247	   0.14865251	   0.01332606	   3.42381573	
   0.00412755	   0.00195540	   0.00189939	   0.00882800	   0.00342192	   0.00127853	   0.00217215	   0.57360733	   0.04299725	   3.81135869	
   0.00495077	   0.00241519	   0.00235368	   0.01131678	   0.00488642	   0.00147959	   0.00253558	   0.67856556	   0.07436948	   4.31210518	
   0.00427205	   0.00143633	   0.00136865	   0.01166589	   0.00605507	   0.00133877	   0.00283572	   0.27473730	   0.05498024	   4.85076094	
   0.00521290	   0.00222865	   0.00215490	   0.01480384	   0.00803701	   0.00155393	   0.00298424	   0.46779010	   0.03127273	   5.38066769	
   0.00351369	   0.00055987	   0.00048017	   0.01327219	   0.00864052	   0.00111798	   0.00295382	   0.77351356	   0.01391513	   5.90793467	
   0.00344786	   0.00095543	   0.00087212	   0.01179223	   0.00720778	   0.00113659	   0.00249243	   0.27876619	   0.00873222	   6.29418135	
   0.00482482	   0.00303756	   0.00294821	   0.01194806	   0.00566802	   0.00145523	   0.00178726	   0.01045943	   0.00068880	   6.80146503	
   0.00219591	   0.00069898	   0.00060523	   0.00771280	   0.00471859	   0.00079829	   0.00149693	   0.14306870	   0.00263893	   7.22303581	
   0.00178551	   0.00068050	   0.00058346	   0.00592461	   0.00350440	   0.00063470	   0.00110501	   0.05520670	   0.00060395	   7.57038498	
   0.00004250	  -0.00079754	  -0.00089495	   0.00251170	   0.00233477	   0.00013443	   0.00084004	   0.12862800	   0.00126259	   7.72403193	
   0.00017618	  -0.00093986	  -0.00103624	   0.00299999	   0.00265197	   0.00017184	   0.00111604	   0.11758567	   0.00118321	   7.77748346	
   0.00126266	  -0.00041187	  -0.00050808	   0.00571672	   0.00400308	   0.00045099	   0.00167453	   0.25525340	   0.00327207	   7.89836407	
   0.00290695	   0.00026396	   0.00016720	   0.01107799	   0.00726303	   0.00090800	   0.00264299	   0.36461639	   0.00491613	   8.09916973	
   0.00066204	  -0.00278238	  -0.00287924	   0.01017808	   0.00902603	   0.00049000	   0.00344442	   1.53289938	   0.00725679	   8.31936550	
   0.00078153	  -0.00271994	  -0.00281604	   0.01261145	   0.01125941	   0.00057051	   0.00350147	   0.21887238	   0.00276361	   8.48055363	
   0.00145208	  -0.00218798	  -0.00228359	   0.01560399	   0.01366953	   0.00048238	   0.00364006	   0.39944860	   0.00424576	   8.65303707	
   0.00054007	  -0.00288788	  -0.00298248	   0.01332281	   0.01242984	   0.00035290	   0.00342795	   0.47956795	   0.00516079	   8.79099369	
  -0.00015918	  -0.00337356	  -0.00346673	   0.01132967	   0.01118684	   0.00030201	   0.00321438	   0.41775838	   0.00273277	   8.88910007	
   0.00100310	  -0.00140449	  -0.00149699	   0.00920691	   0.00764030	   0.00056351	   0.00240759	   0.07974224	   0.00166750	   9.01181889	
   0.00017502	  -0.00187300	  -0.00196532	   0.00677903	   0.00626547	   0.00033853	   0.00204802	   0.13813992	   0.00087974	   9.14828682	
   0.00089815	  -0.00032254	  -0.00041477	   0.00470049	   0.00349178	   0.00031055	   0.00122069	   0.09953102	   0.00084054	   9.26158905	
   0.00033935	  -0.00007608	  -0.00008739	   0.00062568	   0.00017681	   0.00010952	   0.00041542	   0.01524230	   0.06490371	   0.46323186	
   0.00066184	  -0.00061752	  -0.00062915	   0.00110766	   0.00024790	   0.00019792	   0.00127936	   0.02120275	   0.08838998	   0.50233012	
   0.00078340	  -0.00092353	  -0.00093563	   0.00132913	   0.00031065	   0.00023508	   0.00170693	   0.03891584	   0.14771588	   0.55485624	
   0.00144806	  -0.00113733	  -0.00115048	   0.00243721	   0.00055533	   0.00043383	   0.00258539	   0.07427389	   0.23153490	   0.64200997	
   0.00194846	  -0.00100675	  -0.00102189	   0.00335737	   0.00082334	   0.00058557	   0.00295521	   0.07307101	   0.22186439	   0.78408897	
   0.00277051	  -0.00035006	  -0.00036823	   0.00489194	   0.00129090	   0.00083053	   0.00312057	   0.09474449	   0.23305021	   0.97992885	
   0.00386054	   0.00026940	   0.00024677	   0.00737288	   0.00235476	   0.00115759	   0.00359114	   0.01268896	   0.08780905	   1.25417292	
   0.00378447	   0.00051346	   0.00048571	   0.00741371	   0.00249443	   0.00113481	   0.00327101	   0.31708962	   0.27032730	   1.56530213	
   0.00410021	   0.00138228	   0.00134901	   0.00776194	   0.00242614	   0.00123559	   0.00271794	   0.15721877	   0.12418067	   1.89277256	
   0.00368896	   0.00177803	   0.00173969	   0.00670455	   0.00190359	   0.00111199	   0.00191093	   0.05200625	   0.01934839	   2.19222426	
   0.00278561	   0.00129097	   0.00124742	   0.00529019	   0.00166129	   0.00084329	   0.00149464	   0.03281210	   0.01659064	   2.49841237	
   0.00218663	   0.00130903	   0.00126250	   0.00392479	   0.00108176	   0.00065640	   0.00087759	   0.02432208	   0.00411840	   2.67658854	
   0.00116300	   0.00032272	   0.00027394	   0.00254926	   0.00103914	   0.00034712	   0.00084028	   0.04989988	   0.01431455	   2.89292955	
   0.00256903	   0.00137753	   0.00132717	   0.00493879	   0.00159963	   0.00077012	   0.00119150	   0.17023163	   0.03762115	   3.14512491	
   0.00235356	   0.00093629	   0.00088264	   0.00499253	   0.00192065	   0.00071831	   0.00141727	   0.15045182	   0.01272492	   3.50896192	
   0.00414726	   0.00196628	   0.00190891	   0.00893772	   0.00350293	   0.00128753	   0.00218098	   0.57837111	   0.04065835	   3.90182710	
   0.00491680	   0.00237144	   0.00230860	   0.01137956	   0.00499258	   0.00147019	   0.00254536	   0.68511778	   0.07186873	   4.40619850	
   0.00420130	   0.00135538	   0.00128646	   0.01169831	   0.00617248	   0.00132454	   0.00284592	   0.27818313	   0.04935703	   4.94516468	
   0.00510199	   0.00210783	   0.00203297	   0.01479538	   0.00817368	   0.00151971	   0.00299417	   0.47233459	   0.03002312	   5.47222376	
   0.00338764	   0.00042440	   0.00034382	   0.01323723	   0.00876508	   0.00108451	   0.00296324	   0.77760094	   0.01327937	   5.99288368	
   0.00336675	   0.00086581	   0.00078176	   0.01178389	   0.00730074	   0.00111641	   0.00250094	   0.28013977	   0.00837405	   6.37520742	
   0.00482770	   0.00303357	   0.00294355	   0.01201910	   0.00573612	   0.00145528	   0.00179413	   0.01058749	   0.00066848	   6.88313293	
   0.00220690	   0.00070422	   0.00060980	   0.00778450	   0.00477454	   0.00080306	   0.00150268	   0.14390621	   0.00257023	   7.30874348	
   0.00179959	   0.00069070	   0.00059298	   0.00598351	   0.00354653	   0.00063739	   0.00110889	   0.05550729	   0.00059114	   7.66142178	
   0.00013352	  -0.00071196	  -0.00081012	   0.00265938	   0.00236351	   0.00016235	   0.00084548	   0.12926883	   0.00123405	   7.81904984	
   0.00021628	  -0.00090464	  -0.00100186	   0.00308530	   0.00268440	   0.00018462	   0.00112092	   0.11818668	   0.00115720	   7.87270451	
   0.00127353	  -0.00041342	  -0.00051047	   0.00577847	   0.00404951	   0.00045543	   0.00168695	   0.25679243	   0.00321096	   7.99009562	
   0.00286826	   0.00020772	   0.00011016	   0.01110891	   0.00734047	   0.00090018	   0.00266054	   0.36575559	   0.00481503	   8.18599415	
   0.00056373	  -0.00290075	  -0.00299830	   0.01014706	   0.00911001	   0.00047332	   0.00346447	   1.53726530	   0.00710386	   8.39677143	
   0.00069151	  -0.00282863	  -0.00292529	   0.01259106	   0.01134865	   0.00055089	   0.00352015	   0.21968356	   0.00272294	   8.54792595	
   0.00135849	  -0.00229988	  -0.00239589	   0.01557692	   0.01375843	   0.00046001	   0.00365837	   0.40066472	   0.00419145	   8.70923901	
   0.00045944	  -0.00298533	  -0.00308020	   0.01329231	   0.01249410	   0.00033876	   0.00344477	   0.48031387	   0.00511245	   8.83619595	
  -0.00021507	  -0.00344529	  -0.00353864	   0.01130746	   0.01123333	   0.00028920	   0.00323022	   0.41888073	   0.00271462	   8.92619991	
   0.00100182	  -0.00141824	  -0.00151085	   0.00923181	   0.00766573	   0.00056426	   0.00242006	   0.07992040	   0.00166103	   9.04151726	
   0.00017673	  -0.00188198	  -0.00197440	   0.00679923	   0.00628287	   0.00033963	   0.00205871	   0.13828383	   0.00087687	   9.17338848	
   0.00095826	  -0.00026572	  -0.00035808	   0.00478171	   0.00350016	   0.00032329	   0.00122398	   0.09965111	   0.00083883	   9.28378487	
   0.00032930	  -0.00008613	  -0.00009744	   0.00061239	   0.00017678	   0.00010632	   0.00041542	   0.01524016	   0.06491256	   0.46315223	
   0.00056027	  -0.00071908	  -0.00073064	   0.00097378	   0.00024605	   0.00016746	   0.00127935	   0.02107633	   0.08856333	   0.49880514	
   0.00087413	  -0.00083274	  -0.00084470	   0.00144506	   0.00030674	   0.00026419	   0.00170687	   0.03844544	   0.14838593	   0.54680270	
   0.00137223	  -0.00121312	  -0.00122621	   0.00233662	   0.00055257	   0.00041181	   0.00258535	   0.07402584	   0.23208366	   0.63903064	
   0.00162934	  -0.00132573	  -0.00134048	   0.00292353	   0.00080142	   0.00049277	   0.00295507	   0.07157673	   0.22433980	   0.76312149	
   0.00258713	  -0.00053362	  -0.00055110	   0.00460281	   0.00124060	   0.00077508	   0.00312076	   0.09171227	   0.23729804	   0.94189155	
   0.00306504	  -0.00053045	  -0.00055167	   0.00619391	   0.00221033	   0.00091854	   0.00359550	   0.01194625	   0.09231701	   1.17794693	
   0.00312424	  -0.00015033	  -0.00017558	   0.00633651	   0.00227590	   0.00093637	   0.00327457	   0.29509819	   0.29387227	   1.42809534	
   0.00322158	   0.00050509	   0.00047546	   0.00636624	   0.00217097	   0.00097369	   0.00271649	   0.14429474	   0.14042418	   1.69256461	
   0.00257608	   0.00066670	   0.00063352	   0.00501739	   0.00165794	   0.00078337	   0.00190938	   0.04672778	   0.02417983	   1.90845597	
   0.00187236	   0.00037949	   0.00034273	   0.00386886	   0.00141339	   0.00058311	   0.00149287	   0.02844314	   0.02074355	   2.12354159	
   0.00175359	   0.00087837	   0.00083948	   0.00319342	   0.00091103	   0.00052880	   0.00087522	   0.02219166	   0.00542940	   2.25389934	
   0.00092365	   0.00010048	   0.00005978	   0.00207831	   0.00087246	   0.00028220	   0.00082317	   0.04492874	   0.01867253	   2.42852569	
   0.00241439	   0.00125385	   0.00121169	   0.00448165	   0.00134390	   0.00072336	   0.00116055	   0.14689828	   0.04813219	   2.64101076	
   0.00199799	   0.00061746	   0.00057228	   0.00423520	   0.00161744	   0.00061977	   0.00138053	   0.13804837	   0.01731907	   2.95477509	
   0.00370921	   0.00159332	   0.00154478	   0.00781208	   0.00295611	   0.00114675	   0.00211589	   0.54061288	   0.05964728	   3.29183865	
   0.00421691	   0.00174263	   0.00168948	   0.00968181	   0.00420278	   0.00126212	   0.00247428	   0.63432431	   0.10001668	   3.70931101	
   0.00319645	   0.00042709	   0.00036888	   0.00940031	   0.00518397	   0.00101989	   0.00276936	   0.24892043	   0.08662307	   4.15422726	
   0.00428273	   0.00136561	   0.00130277	   0.01237824	   0.00682412	   0.00127140	   0.00291712	   0.42496455	   0.04509664	   4.56897783	
   0.00255491	  -0.00033315	  -0.00040079	   0.01070887	   0.00731239	   0.00084156	   0.00288806	   0.72673440	   0.02363789	   4.99926424	
   0.00190023	  -0.00053024	  -0.00059993	   0.00860462	   0.00603356	   0.00067084	   0.00243047	   0.26091239	   0.01657970	   5.26736116	
   0.00276558	   0.00102940	   0.00095636	   0.00826438	   0.00466483	   0.00083398	   0.00173618	   0.00867280	   0.00113405	   5.59606695	
   0.00118926	  -0.00025943	  -0.00033456	   0.00551864	   0.00382653	   0.00050285	   0.00144869	   0.12849715	   0.00452001	   5.85565519	
   0.00111558	   0.00005013	  -0.00002704	   0.00437639	   0.00282635	   0.00043446	   0.00106545	   0.05023527	   0.00097867	   6.10488605	
   0.00006156	  -0.00070776	  -0.00078526	   0.00208504	   0.00188064	   0.00014285	   0.00076932	   0.11532812	   0.00208979	   6.22172594	
   0.00017657	  -0.00083479	  -0.00091155	   0.00248182	   0.00213250	   0.00017275	   0.00101136	   0.10774632	   0.00195401	   6.25425339	
   0.00122564	  -0.00029308	  -0.00037004	   0.00487332	   0.00322084	   0.00042685	   0.00151871	   0.22626013	   0.00518616	   6.35465860	
   0.00226955	  -0.00014883	  -0.00022639	   0.00881680	   0.00583834	   0.00070892	   0.00241838	   0.34274834	   0.00845348	   6.51117086	
   0.00105379	  -0.00210740	  -0.00218538	   0.00888915	   0.00725665	   0.00057871	   0.00316119	   1.43834782	   0.01341333	   6.68856144	
   0.00069440	  -0.00253622	  -0.00261400	   0.01024079	   0.00906280	   0.00048359	   0.00323063	   0.19859304	   0.00471325	   6.82620144	
   0.00074235	  -0.00262640	  -0.00270342	   0.01198024	   0.01094797	   0.00028993	   0.00336875	   0.35646561	   0.00763380	   6.92989206	
   0.00043826	  -0.00273365	  -0.00280989	   0.01071205	   0.00993210	   0.00034168	   0.00317191	   0.44976193	   0.00888801	   7.02452755	
  -0.00081152	  -0.00378099	  -0.00385594	   0.00819702	   0.00891039	   0.00009815	   0.00296947	   0.36272028	   0.00454213	   7.08133936	
  -0.00018366	  -0.00239342	  -0.00246698	   0.00611490	   0.00603729	   0.00026127	   0.00220976	   0.06840093	   0.00253455	   7.11771679	
  -0.00056396	  -0.00242926	  -0.00250197	   0.00450613	   0.00491258	   0.00015751	   0.00186530	   0.12707655	   0.00134448	   7.17110872	
   0.00062177	  -0.00048143	  -0.00055364	   0.00357651	   0.00272331	   0.00023143	   0.00110320	   0.08836161	   0.00119148	   7.22323084	
   0.00032930	  -0.00008613	  -0.00009744	   0.00061239	   0.00017678	   0.00010632	   0.00041542	   0.01524016	   0.06491256	   0.46315223	
   0.00056027	  -0.00071908	  -0.00073064	   0.00097378	   0.00024605	   0.00016746	   0.00127935	   0.02107633	   0.08856333	   0.49880514	
   0.00087413	  -0.00083274	  -0.00084470	   0.00144506	   0.00030674	   0.00026419	   0.00170687	   0.03844544	   0.14838593	   0.54680270	
   0.00137223	  -0.00121312	  -0.00122621	   0.00233662	   0.00055257	   0.00041181	   0.00258535	   0.07402584	   0.23208366	   0.63903064	
   0.00162934	  -0.00132573	  -0.00134048	   0.00292353	   0.00080142	   0.00049277	   0.00295507	   0.07157673	   0.22433980	   0.76312149	
   0.00258713	  -0.00053362	  -0.00055110	   0.00460281	   0.00124060	   0.00077508	   0.00312076	   0.09171227	   0.23729804	   0.94189155	
   0.00306504	  -0.00053045	  -0.00055167	   0.00619391	   0.00221033	   0.00091854	   0.00359550	   0.01194625	   0.09231701	   1.17794693	
   0.00312424	  -0.00015033	  -0.00017558	   0.00633651	   0.00227590	   0.00093637	   0.00327457	   0.29509819	   0.29387227	   1.42809534	
   0.00322158	   0.00050509	   0.00047546	   0.00636624	   0.00217097	   0.00097369	   0.00271649	   0.14429474	   0.14042418	   1.69256461	
   0.00257608	   0.00066670	   0.00063352	   0.00501739	   0.00165794	   0.00078337	   0.00190938	   0.04672778	   0.02417983	   1.90845597	
   0.00187236	   0.00037949	   0.00034273	   0.00386886	   0.00141339	   0.00058311	   0.00149287	   0.02844314	   0.02074355	   2.12354159	
   0.00175359	   0.00087837	   0.00083948	   0.00319342	   0.00091103	   0.00052880	   0.00087522	   0.02219166	   0.00542940	   2.25389934	
   0.00092365	   0.00010048	   0.00005978	   0.00207831	   0.00087246	   0.00028220	   0.00082317	   0.04492874	   0.01867253	   2.42852569	
   0.00241439	   0.00125385	   0.00121169	   0.00448165	   0.00134390	   0.00072336	   0.00116055	   0.14689828	   0.04813219	   2.64101076	
   0.00199799	   0.00061746	   0.00057228	   0.00423520	   0.00161744	   0.00061977	   0.00138053	   0.13804837	   0.01731907	   2.95477509	
   0.00370921	   0.00159332	   0.00154478	   0.00781208	   0.00295611	   0.00114675	   0.00211589	   0.54061288	   0.05964728	   3.29183865	
   0.00421691	   0.00174263	   0.00168948	   0.00968181	   0.00420278	   0.00126212	   0.00247428	   0.63432431	   0.10001668	   3.70931101	
   0.00319645	   0.00042709	   0.00036888	   0.00940031	   0.00518397	   0.00101989	   0.00276936	   0.24892043	   0.08662307	   4.15422726	
   0.00428273	   0.00136561	   0.00130277	   0.01237824	   0.00682412	   0.00127140	   0.00291712	   0.42496455	   0.04509664	   4.56897783	
   0.00255491	  -0.00033315	  -0.00040079	   0.01070887	   0.00731239	   0.00084156	   0.00288806	   0.72673440	   0.02363789	   4.99926424	
   0.00190023	  -0.00053024	  -0.00059993	   0.00860462	   0.00603356	   0.00067084	   0.00243047	   0.26091239	   0.01657970	   5.26736116	
   0.00276558	   0.00102940	   0.00095636	   0.00826438	   0.00466483	   0.00083398	   0.00173618	   0.00867280	   0.00113405	   5.59606695	
   0.00118926	  -0.00025943	  -0.00033456	   0.00551864	   0.00382653	   0.00050285	   0.00144869	   0.12849715	   0.00452001	   5.85565519	
   0.00111558	   0.00005013	  -0.00002704	   0.00437639	   0.00282635	   0.00043446	   0.00106545	   0.05023527	   0.00097867	   6.10488605	
   0.00006156	  -0.00070776	  -0.00078526	   0.00208504	   0.00188064	   0.00014285	   0.00076932	   0.11532812	   0.00208979	   6.22172594	
   0.00017657	  -0.00083479	  -0.00091155	   0.00248182	   0.00213250	   0.00017275	   0.00101136	   0.10774632	   0.00195401	   6.25425339	
   0.00122564	  -0.00029308	  -0.00037004	   0.00487332	   0.00322084	   0.00042685	   0.00151871	   0.22626013	   0.00518616	   6.35465860	
   0.00226955	  -0.00014883	  -0.00022639	   0.00881680	   0.00583834	   0.00070892	   0.00241838	   0.34274834	   0.00845348	   6.51117086	
   0.00105379	  -0.00210740	  -0.00218538	   0.00888915	   0.00725665	   0.00057871	   0.00316119	   1.43834782	   0.01341333	   6.68856144	
   0.00069440	  -0.00253622	  -0.00261400	   0.01024079	   0.00906280	   0.00048359	   0.00323063	   0.19859304	   0.00471325	   6.82620144	
   0.00074235	  -0.00262640	  -0.00270342	   0.01198024	   0.01094797	   0.00028993	   0.00336875	   0.35646561	   0.00763380	   6.92989206	
   0.00043826	  -0.00273365	  -0.00280989	   0.01071205	   0.00993210	   0.00034168	   0.00317191	   0.44976193	   0.00888801	   7.02452755	
  -0.00081152	  -0.00378099	  -0.00385594	   0.00819702	   0.00891039	   0.00009815	   0.00296947	   0.36272028	   0.00454213	   7.08133936	
  -0.00018366	  -0.00239342	  -0.00246698	   0.00611490	   0.00603729	   0.00026127	   0.00220976	   0.06840093	   0.00253455	   7.11771679	
  -0.00056396	  -0.00242926	  -0.00250197	   0.00450613	   0.00491258	   0.00015751	   0.00186530	   0.12707655	   0.00134448	   7.17110872	
   0.00062177	  -0.00048143	  -0.00055364	   0.00357651	   0.00272331	   0.00023143	   0.00110320	   0.08836161	   0.00119148	   7.22323084	
   0.00033935	  -0.00007608	  -0.00008739	   0.00062568	   0.00017681	   0.00010952	   0.00041542	   0.01524230	   0.06490371	   0.46323186	
   0.00066184	  -0.00061752	  -0.00062915	   0.00110766	   0.00024790	   0.00019792	   0.00127936	   0.02120275	   0.08838998	   0.50233012	
   0.00078340	  -0.00092353	  -0.00093563	   0.00132913	   0.00031065	   0.00023508	   0.00170693	   0.03891584	   0.14771588	   0.55485624	
   0.00144806	  -0.00113733	  -0.00115048	   0.00243721	   0.00055533	   0.00043383	   0.00258539	   0.07427389	   0.23153490	   0.64200997	
   0.00194846	  -0.00100675	  -0.00102189	   0.00335737	   0.00082334	   0.00058557	   0.00295521	   0.07307101	   0.22186439	   0.78408897	
   0.00277051	  -0.00035006	  -0.00036823	   0.00489194	   0.00129090	   0.00083053	   0.00312057	   0.09474449	   0.23305021	   0.97992885	
   0.00386054	   0.00026940	   0.00024677	   0.00737288	   0.00235476	   0.00115759	   0.00359114	   0.01268896	   0.08780905	   1.25417292	
   0.00378447	   0.00051346	   0.00048571	   0.00741371	   0.00249443	   0.00113481	   0.00327101	   0.31708962	   0.27032730	   1.56530213	
   0.00410021	   0.00138228	   0.00134901	   0.00776194	   0.00242614	   0.00123559	   0.00271794	   0.15721877	   0.12418067	   1.89277256	
   0.00368896	   0.00177803	   0.00173969	   0.00670455	   0.00190359	   0.00111199	   0.00191093	   0.05200625	   0.01934839	   2.19222426	
   0.00278561	   0.00129097	   0.00124742	   0.00529019	   0.00166129	   0.00084329	   0.00149464	   0.03281210	   0.01659064	   2.49841237	
   0.00218663	   0.00130903	   0.00126250	   0.00392479	   0.00108176	   0.00065640	   0.00087759	   0.02432208	   0.00411840	   2.67658854	
   0.00116300	   0.00032272	   0.00027394	   0.00254926	   0.00103914	   0.00034712	   0.00084028	   0.04989988	   0.01431455	   2.89292955	
   0.00256903	   0.00137753	   0.00132717	   0.00493879	   0.00159963	   0.00077012	   0.00119150	   0.17023163	   0.03762115	   3.14512491	
   0.00235356	   0.00093629	   0.00088264	   0.00499253	   0.00192065	   0.00071831	   0.00141727	   0.15045182	   0.01272492	   3.50896192	
   0.00414726	   0.00196628	   0.00190891	   0.00893772	   0.00350293	   0.00128753	   0.00218098	   0.57837111	   0.04065835	   3.90182710	
   0.00491680	   0.00237144	   0.00230860	   0.01137956	   0.00499258	   0.00147019	   0.00254536	   0.68511778	   0.07186873	   4.40619850	
   0.00420130	   0.00135538	   0.00128646	   0.01169831	   0.00617248	   0.00132454	   0.00284592	   0.27818313	   0.04935703	   4.94516468	
   0.00510199	   0.00210783	   0.00203297	   0.01479538	   0.00817368	   0.00151971	   0.00299417	   0.47233459	   0.03002312	   5.47222376	
   0.00338764	   0.00042440	   0.00034382	   0.01323723	   0.00876508	   0.00108451	   0.00296324	   0.77760094	   0.01327937	   5.99288368	
   0.00336675	   0.00086581	   0.00078176	   0.01178389	   0.00730074	   0.00111641	   0.00250094	   0.28013977	   0.00837405	   6.37520742	
   0.00482770	   0.00303357	   0.00294355	   0.01201910	   0.00573612	   0.00145528	   0.00179413	   0.01058749	   0.00066848	   6.88313293	
   0.00220690	   0.00070422	   0.00060980	   0.00778450	   0.00477454	   0.00080306	   0.00150268	   0.14390621	   0.00257023	   7.30874348	
   0.00179959	   0.00069070	   0.00059298	   0.00598351	   0.00354653	   0.00063739	   0.00110889	   0.05550729	   0.00059114	   7.66142178	
   0.00013352	  -0.00071196	  -0.00081012	   0.00265938	   0.00236351	   0.00016235	   0.00084548	   0.12926883	   0.00123405	   7.81904984	
   0.00021628	  -0.00090464	  -0.00100186	   0.00308530	   0.00268440	   0.00018462	   0.00112092	   0.11818668	   0.00115720	   7.87270451	
   0.00127353	  -0.00041342	  -0.00051047	   0.00577847	   0.00404951	   0.00045543	   0.00168695	   0.25679243	   0.00321096	   7.99009562	
   0.00286826	   0.00020772	   0.00011016	   0.01110891	   0.00734047	   0.00090018	   0.00266054	   0.36575559	   0.00481503	   8.18599415	
   0.00056373	  -0.00290075	  -0.00299830	   0.01014706	   0.00911001	   0.00047332	   0.00346447	   1.53726530	   0.00710386	   8.39677143	
   0.00069151	  -0.00282863	  -0.00292529	   0.01259106	   0.01134865	   0.00055089	   0.00352015	   0.21968356	   0.00272294	   8.54792595	
   0.00135849	  -0.00229988	  -0.00239589	   0.01557692	   0.01375843	   0.00046001	   0.00365837	   0.40066472	   0.00419145	   8.70923901	
   0.00045944	  -0.00298533	  -0.00308020	   0.01329231	   0.01249410	   0.00033876	   0.00344477	   0.48031387	   0.00511245	   8.83619595	
  -0.00021507	  -0.00344529	  -0.00353864	   0.01130746	   0.01123333	   0.00028920	   0.00323022	   0.41888073	   0.00271462	   8.92619991	
   0.00100182	  -0.00141824	  -0.00151085	   0.00923181	   0.00766573	   0.00056426	   0.00242006	   0.07992040	   0.00166103	   9.04151726	
   0.00017673	  -0.00188198	  -0.00197440	   0.00679923	   0.00628287	   0.00033963	   0.00205871	   0.13828383	   0.00087687	   9.17338848	
   0.00095826	  -0.00026572	  -0.00035808	   0.00478171	   0.00350016	   0.00032329	   0.00122398	   0.09965111	   0.00083883	   9.28378487	
   0.00029731	  -0.00011810	  -0.00012940	   0.00057048	   0.00017625	   0.00009691	   0.00041542	   0.01521176	   0.06496031	   0.46190163	
   0.00061377	  -0.00066558	  -0.00067712	   0.00104270	   0.00024544	   0.00018350	   0.00127935	   0.02102278	   0.08862375	   0.49748659	
   0.00073016	  -0.00097671	  -0.00098865	   0.00125454	   0.00030536	   0.00021902	   0.00170687	   0.03832077	   0.14854805	   0.54562753	
   0.00140497	  -0.00118031	  -0.00119322	   0.00236964	   0.00054375	   0.00042091	   0.00258528	   0.07287291	   0.23367882	   0.62867188	
   0.00191214	  -0.00104291	  -0.00105776	   0.00329281	   0.00080605	   0.00057461	   0.00295505	   0.07172896	   0.22404253	   0.76761705	
   0.00273340	  -0.00038723	  -0.00040504	   0.00481751	   0.00126471	   0.00081941	   0.00312063	   0.09314737	   0.23524088	   0.95999688	
   0.00383293	   0.00024028	   0.00021805	   0.00729487	   0.00231262	   0.00114931	   0.00359265	   0.01245693	   0.08913776	   1.23168087	
   0.00377000	   0.00049795	   0.00047063	   0.00735668	   0.00245619	   0.00113048	   0.00327205	   0.31322101	   0.27439871	   1.54137254	
   0.00407002	   0.00135242	   0.00131961	   0.00768876	   0.00239307	   0.00122566	   0.00271761	   0.15549818	   0.12627178	   1.86703849	
   0.00361753	   0.00170686	   0.00166905	   0.00658602	   0.00187815	   0.00109033	   0.00191067	   0.05159694	   0.01971424	   2.16293001	
   0.00266668	   0.00117231	   0.00112945	   0.00510996	   0.00163634	   0.00080693	   0.00149437	   0.03237563	   0.01696113	   2.46055174	
   0.00203461	   0.00115686	   0.00111121	   0.00370771	   0.00106215	   0.00061094	   0.00087776	   0.02410769	   0.00424275	   2.62802148	
   0.00106547	   0.00022753	   0.00017983	   0.00240095	   0.00101692	   0.00031856	   0.00083794	   0.04928426	   0.01482186	   2.83085585	
   0.00243252	   0.00124316	   0.00119403	   0.00472387	   0.00156190	   0.00072944	   0.00118936	   0.16686293	   0.03895575	   3.07127547	
   0.00233352	   0.00092105	   0.00086874	   0.00491956	   0.00187403	   0.00071201	   0.00141247	   0.14865251	   0.01332606	   3.42381573	
   0.00412755	   0.00195540	   0.00189939	   0.00882800	   0.00342192	   0.00127853	   0.00217215	   0.57360733	   0.04299725	   3.81135869	
   0.00495077	   0.00241519	   0.00235368	   0.01131678	   0.00488642	   0.00147959	   0.00253558	   0.67856556	   0.07436948	   4.31210518	
   0.00427205	   0.00143633	   0.00136865	   0.01166589	   0.00605507	   0.00133877	   0.00283572	   0.27473730	   0.05498024	   4.85076094	
   0.00521290	   0.00222865	   0.00215490	   0.01480384	   0.00803701	   0.00155393	   0.00298424	   0.46779010	   0.03127273	   5.38066769	
   0.00351369	   0.00055987	   0.00048017	   0.01327219	   0.00864052	   0.00111798	   0.00295382	   0.77351356	   0.01391513	   5.90793467	
   0.00344786	   0.00095543	   0.00087212	   0.01179223	   0.00720778	   0.00113659	   0.00249243	   0.27876619	   0.00873222	   6.29418135	
   0.00482482	   0.00303756	   0.00294821	   0.01194806	   0.00566802	   0.00145523	   0.00178726	   0.01045943	   0.00068880	   6.80146503	
   0.00219591	   0.00069898	   0.00060523	   0.00771280	   0.00471859	   0.00079829	   0.00149693	   0.14306870	   0.00263893	   7.22303581	
   0.00178551	   0.00068050	   0.00058346	   0.00592461	   0.00350440	   0.00063470	   0.00110501	   0.05520670	   0.00060395	   7.57038498	
   0.00004250	  -0.00079754	  -0.00089495	   0.00251170	   0.00233477	   0.00013443	   0.00084004	   0.12862800	   0.00126259	   7.72403193	
   0.00017618	  -0.00093986	  -0.00103624	   0.00299999	   0.00265197	   0.00017184	   0.00111604	   0.11758567	   0.00118321	   7.77748346	
   0.00126266	  -0.00041187	  -0.00050808	   0.00571672	   0.00400308	   0.00045099	   0.00167453	   0.25525340	   0.00327207	   7.89836407	
   0.00290695	   0.00026396	   0.00016720	   0.01107799	   0.00726303	   0.00090800	   0.00264299	   0.36461639	   0.00491613	   8.09916973	
   0.00066204	  -0.00278238	  -0.00287924	   0.01017808	   0.00902603	   0.00049000	   0.00344442	   1.53289938	   0.00725679	   8.31936550	
   0.00078153	  -0.00271994	  -0.00281604	   0.01261145	   0.01125941	   0.00057051	   0.00350147	   0.21887238	   0.00276361	   8.48055363	
   0.00145208	  -0.00218798	  -0.00228359	   0.01560399	   0.01366953	   0.00048238	   0.00364006	   0.39944860	   0.00424576	   8.65303707	
   0.00054007	  -0.00288788	  -0.00298248	   0.01332281	   0.01242984	   0.00035290	   0.00342795	   0.47956795	   0.00516079	   8.79099369	
  -0.00015918	  -0.00337356	  -0.00346673	   0.01132967	   0.01118684	   0.00030201	   0.00321438	   0.41775838	   0.00273277	   8.88910007	
   0.00100310	  -0.00140449	  -0.00149699	   0.00920691	   0.00764030	   0.00056351	   0.00240759	   0.07974224	   0.00166750	   9.01181889	
   0.00017502	  -0.00187300	  -0.00196532	   0.00677903	   0.00626547	   0.00033853	   0.00204802	   0.13813992	   0.00087974	   9.14828682	
   0.00089815	  -0.00032254	  -0.00041477	   0.00470049	   0.00349178	   0.00031055	   0.00122069	   0.09953102	   0.00084054	   9.26158905	
   0.00121682	   0.00054100	   0.00048434	   0.00351132	   0.00202887	   0.00026564	   0.00067582	   0.08236078	   0.00306665	   5.26676512	
   0.00125367	   0.00043246	   0.00037577	   0.00409154	   0.00256328	   0.00027459	   0.00082121	   0.11627632	   0.00559420	   5.21903992	
   0.00110263	   0.00017045	   0.00011397	   0.00429024	   0.00287759	   0.00031001	   0.00093219	   0.16125695	   0.01027038	   5.17468786	
   0.00190802	   0.00054226	   0.00048573	   0.00685491	   0.00443817	   0.00050872	   0.00136576	   0.35751900	   0.01563219	   5.15824413	
   0.00210920	   0.00052529	   0.00046819	   0.00813919	   0.00544671	   0.00058327	   0.00158391	   0.31471264	   0.01474791	   5.18829393	
   0.00253130	   0.00086958	   0.00081157	   0.01004092	   0.00685541	   0.00065421	   0.00166172	   0.29780439	   0.02657268	   5.23786688	
   0.00300873	   0.00116543	   0.00110625	   0.01373334	   0.00994242	   0.00078219	   0.00184330	   0.05505154	   0.00804267	   5.31469250	
   0.00248088	   0.00077508	   0.00071493	   0.01179523	   0.00861239	   0.00070196	   0.00170580	   0.79065275	   0.02523509	   5.38553905	
   0.00233393	   0.00089357	   0.00083197	   0.01004886	   0.00702734	   0.00068758	   0.00144037	   0.36050805	   0.01513660	   5.45686483	
   0.00167566	   0.00062156	   0.00055892	   0.00695300	   0.00477191	   0.00050543	   0.00105411	   0.08608319	   0.00250613	   5.48399639	
   0.00131628	   0.00036219	   0.00029852	   0.00537426	   0.00367243	   0.00038554	   0.00095409	   0.06441797	   0.00290789	   5.49305296	
   0.00129741	   0.00073058	   0.00066665	   0.00381669	   0.00220497	   0.00031431	   0.00056683	   0.03367927	   0.00081871	   5.45212030	
   0.00075254	   0.00006744	   0.00000345	   0.00288463	   0.00195237	   0.00017972	   0.00068510	   0.06956215	   0.00325948	   5.42007113	
   0.00125278	   0.00044231	   0.00037864	   0.00429131	   0.00272658	   0.00031194	   0.00081048	   0.23434858	   0.01024452	   5.40097189	
   0.00093564	  -0.00013328	  -0.00019691	   0.00418221	   0.00296499	   0.00028158	   0.00106892	   0.17851648	   0.00395568	   5.41821957	
   0.00164793	   0.00019528	   0.00013193	   0.00701120	   0.00485775	   0.00050552	   0.00145265	   0.63680589	   0.01688278	   5.43911028	
   0.00222245	   0.00058132	   0.00051789	   0.00903208	   0.00621396	   0.00059567	   0.00164113	   0.75314355	   0.03708434	   5.50876284	
   0.00199104	   0.00017714	   0.00011321	   0.00957866	   0.00696869	   0.00061894	   0.00181390	   0.30244693	   0.03345703	   5.60056734	
   0.00292117	   0.00117165	   0.00110665	   0.01225161	   0.00854204	   0.00078840	   0.00174951	   0.48086759	   0.02699241	   5.72076368	
   0.00231248	   0.00051611	   0.00044971	   0.01156974	   0.00856882	   0.00068844	   0.00179636	   0.76965505	   0.01428742	   5.85329294	
   0.00193732	   0.00047959	   0.00041267	   0.00936356	   0.00681175	   0.00061449	   0.00145773	   0.27351627	   0.01026053	   5.94237185	
   0.00212797	   0.00115988	   0.00109140	   0.00774190	   0.00503097	   0.00058296	   0.00096809	   0.00956815	   0.00087494	   6.03129768	
   0.00108272	   0.00009390	   0.00002466	   0.00543211	   0.00397878	   0.00037062	   0.00098882	   0.13087831	   0.00403737	   6.07888937	
   0.00087117	   0.00010784	   0.00003814	   0.00397294	   0.00282714	   0.00027463	   0.00076334	   0.05000046	   0.00100384	   6.09693527	
   0.00021831	  -0.00041436	  -0.00048319	   0.00213528	   0.00182441	   0.00009256	   0.00063266	   0.11324932	   0.00227285	   6.03760815	
   0.00032562	  -0.00043448	  -0.00050207	   0.00246698	   0.00202811	   0.00011325	   0.00076010	   0.10574677	   0.00223713	   5.95071936	
   0.00099134	   0.00000954	  -0.00005756	   0.00426623	   0.00298999	   0.00028490	   0.00098180	   0.21662250	   0.00627491	   5.90244198	
   0.00183459	   0.00037936	   0.00031265	   0.00760059	   0.00527340	   0.00049260	   0.00145523	   0.33321488	   0.01142599	   5.88881731	
   0.00139135	  -0.00070526	  -0.00077154	   0.00828449	   0.00642125	   0.00047189	   0.00209661	   1.38321304	   0.01981306	   5.91848993	
   0.00169520	  -0.00026180	  -0.00032729	   0.01016546	   0.00789040	   0.00057986	   0.00195701	   0.18730222	   0.00715574	   5.94405651	
   0.00267544	   0.00074999	   0.00068397	   0.01291931	   0.00950725	   0.00073662	   0.00192545	   0.33323929	   0.01193412	   6.01822329	
   0.00209464	   0.00025446	   0.00018766	   0.01136810	   0.00862890	   0.00064457	   0.00184018	   0.43292066	   0.01341182	   6.10212469	
   0.00137944	  -0.00032480	  -0.00039161	   0.00966233	   0.00772577	   0.00055712	   0.00170424	   0.33345386	   0.00689675	   6.13915825	
   0.00123724	  -0.00002695	  -0.00009405	   0.00690712	   0.00523307	   0.00043680	   0.00126419	   0.06260614	   0.00365234	   6.16730452	
   0.00069010	  -0.00041439	  -0.00048135	   0.00520510	   0.00421786	   0.00029715	   0.00110449	   0.12104945	   0.00197655	   6.15265608	
   0.00083366	   0.00015573	   0.00008887	   0.00336741	   0.00230501	   0.00022874	   0.00067793	   0.08196120	   0.00172455	   6.11299276	
   0.00126075	   0.00059973	   0.00054299	   0.00356802	   0.00202970	   0.00027757	   0.00066102	   0.08237804	   0.00306272	   5.26881933	
   0.00126991	   0.00044829	   0.00039149	   0.00411298	   0.00256513	   0.00027794	   0.00082162	   0.11630707	   0.00558238	   5.22278261	
   0.00109738	   0.00016606	   0.00010946	   0.00428601	   0.00287979	   0.00030884	   0.00093132	   0.16130334	   0.01024685	   5.17865419	
   0.00190121	   0.00053214	   0.00047549	   0.00685044	   0.00444139	   0.00050784	   0.00136907	   0.35761833	   0.01560359	   5.16199350	
   0.00210226	   0.00051506	   0.00045787	   0.00813406	   0.00545022	   0.00058157	   0.00158720	   0.31486166	   0.01471851	   5.19163275	
   0.00252695	   0.00086369	   0.00080560	   0.01004024	   0.00685935	   0.00065394	   0.00166326	   0.29788783	   0.02653646	   5.24087811	
   0.00299722	   0.00115046	   0.00109121	   0.01372350	   0.00994758	   0.00077871	   0.00184676	   0.05507970	   0.00803291	   5.31746483	
   0.00246887	   0.00076064	   0.00070045	   0.01178342	   0.00861507	   0.00069948	   0.00170824	   0.79080415	   0.02520952	   5.38720036	
   0.00232722	   0.00088586	   0.00082425	   0.01004316	   0.00702892	   0.00068703	   0.00144136	   0.36057249	   0.01512665	   5.45808411	
   0.00168034	   0.00062768	   0.00056501	   0.00696060	   0.00477313	   0.00050713	   0.00105266	   0.08609340	   0.00250446	   5.48542404	
   0.00132343	   0.00037257	   0.00030886	   0.00538551	   0.00367371	   0.00038837	   0.00095086	   0.06442888	   0.00290499	   5.49500895	
   0.00131480	   0.00075485	   0.00069084	   0.00384019	   0.00220616	   0.00031923	   0.00055994	   0.03368586	   0.00081774	   5.45509005	
   0.00077750	   0.00009804	   0.00003393	   0.00291633	   0.00195399	   0.00018485	   0.00067945	   0.06959444	   0.00325216	   5.42463541	
   0.00128369	   0.00048171	   0.00041787	   0.00433131	   0.00273000	   0.00031762	   0.00080198	   0.23447688	   0.01020593	   5.40758991	
   0.00094052	  -0.00013002	  -0.00019385	   0.00419124	   0.00296914	   0.00028159	   0.00107054	   0.17860912	   0.00394027	   5.42579651	
   0.00164147	   0.00018762	   0.00012407	   0.00701159	   0.00486487	   0.00050525	   0.00145385	   0.63705146	   0.01681364	   5.44708347	
   0.00220848	   0.00056189	   0.00049830	   0.00902349	   0.00622254	   0.00059246	   0.00164659	   0.75349844	   0.03694968	   5.51639032	
   0.00196852	   0.00015079	   0.00008672	   0.00956338	   0.00697777	   0.00061709	   0.00181774	   0.30270621	   0.03332954	   5.60787106	
   0.00290840	   0.00115276	   0.00108765	   0.01224499	   0.00855233	   0.00078426	   0.00175563	   0.48120114	   0.02691365	   5.72765779	
   0.00228820	   0.00048669	   0.00042022	   0.01154924	   0.00857769	   0.00068335	   0.00180151	   0.76994467	   0.01423924	   5.85933256	
   0.00192597	   0.00046636	   0.00039941	   0.00935581	   0.00681751	   0.00061233	   0.00145961	   0.27360329	   0.01023223	   5.94738626	
   0.00213386	   0.00116685	   0.00109834	   0.00775362	   0.00503545	   0.00058430	   0.00096701	   0.00957627	   0.00087294	   6.03668499	
   0.00109197	   0.00010712	   0.00003783	   0.00544805	   0.00398278	   0.00037331	   0.00098485	   0.13094564	   0.00402641	   6.08504772	
   0.00089134	   0.00013041	   0.00006064	   0.00399912	   0.00283058	   0.00027720	   0.00076093	   0.05002740	   0.00100057	   6.10438490	
   0.00025430	  -0.00037190	  -0.00044086	   0.00218253	   0.00182718	   0.00010105	   0.00062621	   0.11335047	   0.00226346	   6.04675579	
   0.00035013	  -0.00040814	  -0.00047590	   0.00249881	   0.00203163	   0.00011704	   0.00075827	   0.10581750	   0.00222663	   5.96105337	
   0.00099798	   0.00001945	  -0.00004783	   0.00428030	   0.00299538	   0.00028695	   0.00097853	   0.21684934	   0.00624538	   5.91306734	
   0.00182824	   0.00037015	   0.00030324	   0.00760196	   0.00528274	   0.00049099	   0.00145809	   0.33337745	   0.01136636	   5.89929819	
   0.00136685	  -0.00073765	  -0.00080407	   0.00826595	   0.00643120	   0.00046790	   0.00210450	   1.38393676	   0.01971364	   5.92766047	
   0.00167913	  -0.00028307	  -0.00034867	   0.01015782	   0.00790094	   0.00057775	   0.00196220	   0.18740685	   0.00712663	   5.95201540	
   0.00266053	   0.00073017	   0.00066406	   0.01291237	   0.00951811	   0.00073373	   0.00193036	   0.33341536	   0.01189153	   6.02508736	
   0.00207754	   0.00023342	   0.00016656	   0.01135639	   0.00863699	   0.00064187	   0.00184411	   0.43303183	   0.01337551	   6.10782099	
   0.00136754	  -0.00033951	  -0.00040637	   0.00965505	   0.00773181	   0.00055570	   0.00170705	   0.33360526	   0.00688042	   6.14397287	
   0.00123719	  -0.00002719	  -0.00009433	   0.00691108	   0.00523664	   0.00043725	   0.00126438	   0.06263217	   0.00364562	   6.17149639	
   0.00069115	  -0.00041442	  -0.00048142	   0.00520856	   0.00422054	   0.00029686	   0.00110558	   0.12107451	   0.00197303	   6.15654707	
   0.00085901	   0.00018463	   0.00011771	   0.00340018	   0.00230672	   0.00023445	   0.00067438	   0.08199774	   0.00172153	   6.11754799	
   0.00093208	   0.00021803	   0.00016151	   0.00317635	   0.00202672	   0.00021755	   0.00071405	   0.08231650	   0.00307763	   5.26148176	
   0.00072567	  -0.00013867	  -0.00019486	   0.00349144	   0.00255384	   0.00021192	   0.00086435	   0.11612255	   0.00565180	   5.20049143	
   0.00069612	  -0.00025615	  -0.00031175	   0.00382525	   0.00285832	   0.00027081	   0.00095226	   0.16084644	   0.01048502	   5.14024067	
   0.00132873	  -0.00011806	  -0.00017321	   0.00612844	   0.00439126	   0.00040845	   0.00144680	   0.35600439	   0.01605987	   5.10454798	
   0.00120057	  -0.00044060	  -0.00049523	   0.00693822	   0.00534334	   0.00039431	   0.00164117	   0.31075835	   0.01565340	   5.08973360	
   0.00209715	   0.00040051	   0.00034563	   0.00933320	   0.00668383	   0.00055222	   0.00169664	   0.29418522	   0.02818092	   5.10759211	
   0.00163569	  -0.00026683	  -0.00032151	   0.01161444	   0.00958102	   0.00039774	   0.00190252	   0.05314662	   0.00879722	   5.12299967	
   0.00169407	  -0.00003063	  -0.00008461	   0.01033691	   0.00815387	   0.00048898	   0.00172470	   0.76526505	   0.02982902	   5.09780693	
   0.00191759	   0.00045305	   0.00039848	   0.00910012	   0.00660164	   0.00058089	   0.00146454	   0.34385327	   0.01801105	   5.12535429	
   0.00136172	   0.00028074	   0.00022566	   0.00625201	   0.00446067	   0.00042962	   0.00108098	   0.08320203	   0.00301652	   5.12588644	
   0.00106140	   0.00009819	   0.00004243	   0.00481416	   0.00342435	   0.00032840	   0.00096321	   0.06086204	   0.00352892	   5.12106562	
   0.00127637	   0.00070640	   0.00065046	   0.00363645	   0.00205159	   0.00030848	   0.00056998	   0.03267597	   0.00098251	   5.07281256	
   0.00063666	  -0.00004149	  -0.00009745	   0.00261680	   0.00180965	   0.00017049	   0.00067815	   0.06675069	   0.00398874	   5.02259827	
   0.00131902	   0.00050550	   0.00044980	   0.00413580	   0.00250851	   0.00030827	   0.00081351	   0.22590157	   0.01367493	   4.97103739	
   0.00080544	  -0.00023445	  -0.00029009	   0.00377983	   0.00271057	   0.00026382	   0.00103990	   0.17268619	   0.00507021	   4.95320225	
   0.00168487	   0.00023320	   0.00017787	   0.00657383	   0.00440625	   0.00048271	   0.00145167	   0.62050271	   0.02211320	   4.93505383	
   0.00220500	   0.00061922	   0.00056385	   0.00839288	   0.00559863	   0.00058925	   0.00158578	   0.72580868	   0.05299390	   4.96424294	
   0.00182347	   0.00004046	  -0.00001555	   0.00864591	   0.00624750	   0.00057493	   0.00178301	   0.28181896	   0.04736359	   5.02224874	
   0.00299602	   0.00126261	   0.00120575	   0.01137893	   0.00761218	   0.00077074	   0.00173341	   0.44949725	   0.03574960	   5.09811115	
   0.00197743	   0.00022286	   0.00016470	   0.01015722	   0.00759686	   0.00058293	   0.00175457	   0.73580194	   0.02099187	   5.18839121	
   0.00159982	   0.00014588	   0.00008781	   0.00806831	   0.00596768	   0.00050080	   0.00145394	   0.26045123	   0.01679095	   5.20478678	
   0.00207404	   0.00104874	   0.00098951	   0.00698550	   0.00437605	   0.00053541	   0.00102530	   0.00834344	   0.00127238	   5.24562120	
   0.00091596	  -0.00004368	  -0.00010330	   0.00467900	   0.00343464	   0.00032840	   0.00095964	   0.12155399	   0.00607222	   5.24560404	
   0.00081341	   0.00006647	   0.00000652	   0.00349504	   0.00242346	   0.00025818	   0.00074694	   0.04682910	   0.00151926	   5.22478819	
   0.00016945	  -0.00039726	  -0.00045657	   0.00182266	   0.00156003	   0.00009318	   0.00056671	   0.10346463	   0.00349806	   5.16245508	
   0.00024185	  -0.00045039	  -0.00050868	   0.00208698	   0.00173853	   0.00010660	   0.00069224	   0.09965438	   0.00342085	   5.10079813	
   0.00104328	   0.00011096	   0.00005299	   0.00390258	   0.00257315	   0.00028615	   0.00093233	   0.19820307	   0.00937912	   5.07901382	
   0.00178368	   0.00038131	   0.00032362	   0.00680528	   0.00455881	   0.00046279	   0.00140237	   0.31993812	   0.01757725	   5.08971834	
   0.00136594	  -0.00049504	  -0.00055258	   0.00743576	   0.00558071	   0.00048911	   0.00186098	   1.31777143	   0.03095043	   5.14378023	
   0.00161063	  -0.00017665	  -0.00023389	   0.00906990	   0.00689558	   0.00056369	   0.00178728	   0.17711000	   0.01079447	   5.19421864	
   0.00229305	   0.00046027	   0.00040263	   0.01123587	   0.00833248	   0.00061034	   0.00183278	   0.31321499	   0.01817777	   5.27452040	
   0.00181343	   0.00014597	   0.00008767	   0.00995534	   0.00758111	   0.00056079	   0.00166746	   0.41784829	   0.02073085	   5.36163950	
   0.00077130	  -0.00081123	  -0.00086931	   0.00792267	   0.00678111	   0.00037026	   0.00158254	   0.30496243	   0.01026463	   5.38880682	
   0.00066904	  -0.00047974	  -0.00053756	   0.00558900	   0.00457977	   0.00034018	   0.00114878	   0.05779346	   0.00529352	   5.39729548	
   0.00019269	  -0.00080425	  -0.00086178	   0.00408970	   0.00369197	   0.00020504	   0.00099694	   0.11603122	   0.00286890	   5.38503361	
   0.00071747	   0.00010097	   0.00004360	   0.00294138	   0.00202036	   0.00020354	   0.00061650	   0.07516899	   0.00242083	   5.35829163	
   0.00093208	   0.00021803	   0.00016151	   0.00317635	   0.00202672	   0.00021755	   0.00071405	   0.08231650	   0.00307763	   5.26148176	
   0.00072567	  -0.00013867	  -0.00019486	   0.00349144	   0.00255384	   0.00021192	   0.00086435	   0.11612255	   0.00565180	   5.20049143	
   0.00069612	  -0.00025615	  -0.00031175	   0.00382525	   0.00285832	   0.00027081	   0.00095226	   0.16084644	   0.01048502	   5.14024067	
   0.00132873	  -0.00011806	  -0.00017321	   0.00612844	   0.00439126	   0.00040845	   0.00144680	   0.35600439	   0.01605987	   5.10454798	
   0.00120057	  -0.00044060	  -0.00049523	   0.00693822	   0.00534334	   0.00039431	   0.00164117	   0.31075835	   0.01565340	   5.08973360	
   0.00209715	   0.00040051	   0.00034563	   0.00933320	   0.00668383	   0.00055222	   0.00169664	   0.29418522	   0.02818092	   5.10759211	
   0.00163569	  -0.00026683	  -0.00032151	   0.01161444	   0.00958102	   0.00039774	   0.00190252	   0.05314662	   0.00879722	   5.12299967	
   0.00169407	  -0.00003063	  -0.00008461	   0.01033691	   0.00815387	   0.00048898	   0.00172470	   0.76526505	   0.02982902	   5.09780693	
   0.00191759	   0.00045305	   0.00039848	   0.00910012	   0.00660164	   0.00058089	   0.00146454	   0.34385327	   0.01801105	   5.12535429	
   0.00136172	   0.00028074	   0.00022566	   0.00625201	   0.00446067	   0.00042962	   0.00108098	   0.08320203	   0.00301652	   5.12588644	
   0.00106140	   0.00009819	   0.00004243	   0.00481416	   0.00342435	   0.00032840	   0.00096321	   0.06086204	   0.00352892	   5.12106562	
   0.00127637	   0.00070640	   0.00065046	   0.00363645	   0.00205159	   0.00030848	   0.00056998	   0.03267597	   0.00098251	   5.07281256	
   0.00063666	  -0.00004149	  -0.00009745	   0.00261680	   0.00180965	   0.00017049	   0.00067815	   0.06675069	   0.00398874	   5.02259827	
   0.00131902	   0.00050550	   0.00044980	   0.00413580	   0.00250851	   0.00030827	   0.00081351	   0.22590157	   0.01367493	   4.97103739	
   0.00080544	  -0.00023445	  -0.00029009	   0.00377983	   0.00271057	   0.00026382	   0.00103990	   0.17268619	   0.00507021	   4.95320225	
   0.00168487	   0.00023320	   0.00017787	   0.00657383	   0.00440625	   0.00048271	   0.00145167	   0.62050271	   0.02211320	   4.93505383	
   0.00220500	   0.00061922	   0.00056385	   0.00839288	   0.00559863	   0.00058925	   0.00158578	   0.72580868	   0.05299390	   4.96424294	
   0.00182347	   0.00004046	  -0.00001555	   0.00864591	   0.00624750	   0.00057493	   0.00178301	   0.28181896	   0.04736359	   5.02224874	
   0.00299602	   0.00126261	   0.00120575	   0.01137893	   0.00761218	   0.00077074	   0.00173341	   0.44949725	   0.03574960	   5.09811115	
   0.00197743	   0.00022286	   0.00016470	   0.01015722	   0.00759686	   0.00058293	   0.00175457	   0.73580194	   0.02099187	   5.18839121	
   0.00159982	   0.00014588	   0.00008781	   0.00806831	   0.00596768	   0.00050080	   0.00145394	   0.26045123	   0.01679095	   5.20478678	
   0.00207404	   0.00104874	   0.00098951	   0.00698550	   0.00437605	   0.00053541	   0.00102530	   0.00834344	   0.00127238	   5.24562120	
   0.00091596	  -0.00004368	  -0.00010330	   0.00467900	   0.00343464	   0.00032840	   0.00095964	   0.12155399	   0.00607222	   5.24560404	
   0.00081341	   0.00006647	   0.00000652	   0.00349504	   0.00242346	   0.00025818	   0.00074694	   0.04682910	   0.00151926	   5.22478819	
   0.00016945	  -0.00039726	  -0.00045657	   0.00182266	   0.00156003	   0.00009318	   0.00056671	   0.10346463	   0.00349806	   5.16245508	
   0.00024185	  -0.00045039	  -0.00050868	   0.00208698	   0.00173853	   0.00010660	   0.00069224	   0.09965438	   0.00342085	   5.10079813	
   0.00104328	   0.00011096	   0.00005299	   0.00390258	   0.00257315	   0.00028615	   0.00093233	   0.19820307	   0.00937912	   5.07901382	
   0.00178368	   0.00038131	   0.00032362	   0.00680528	   0.00455881	   0.00046279	   0.00140237	   0.31993812	   0.01757725	   5.08971834	
   0.00136594	  -0.00049504	  -0.00055258	   0.00743576	   0.00558071	   0.00048911	   0.00186098	   1.31777143	   0.03095043	   5.14378023	
   0.00161063	  -0.00017665	  -0.00023389	   0.00906990	   0.00689558	   0.00056369	   0.00178728	   0.17711000	   0.01079447	   5.19421864	
   0.00229305	   0.00046027	   0.00040263	   0.01123587	   0.00833248	   0.00061034	   0.00183278	   0.31321499	   0.01817777	   5.27452040	
   0.00181343	   0.00014597	   0.00008767	   0.00995534	   0.00758111	   0.00056079	   0.00166746	   0.41784829	   0.02073085	   5.36163950	
   0.00077130	  -0.00081123	  -0.00086931	   0.00792267	   0.00678111	   0.00037026	   0.00158254	   0.30496243	   0.01026463	   5.38880682	
   0.00066904	  -0.00047974	  -0.00053756	   0.00558900	   0.00457977	   0.00034018	   0.00114878	   0.05779346	   0.00529352	   5.39729548	
   0.00019269	  -0.00080425	  -0.00086178	   0.00408970	   0.00369197	   0.00020504	   0.00099694	   0.11603122	   0.00286890	   5.38503361	
   0.00071747	   0.00010097	   0.00004360	   0.00294138	   0.00202036	   0.00020354	   0.00061650	   0.07516899	   0.00242083	   5.35829163	
   0.00126075	   0.00059973	   0.00054299	   0.00356802	   0.00202970	   0.00027757	   0.00066102	   0.08237804	   0.00306272	   5.26881933	
   0.00126991	   0.00044829	   0.00039149	   0.00411298	   0.00256513	   0.00027794	   0.00082162	   0.11630707	   0.00558238	   5.22278261	
   0.00109738	   0.00016606	   0.00010946	   0.00428601	   0.00287979	   0.00030884	   0.00093132	   0.16130334	   0.01024685	   5.17865419	
   0.00190121	   0.00053214	   0.00047549	   0.00685044	   0.00444139	   0.00050784	   0.00136907	   0.35761833	   0.01560359	   5.16199350	
   0.00210226	   0.00051506	   0.00045787	   0.00813406	   0.00545022	   0.00058157	   0.00158720	   0.31486166	   0.01471851	   5.19163275	
   0.00252695	   0.00086369	   0.00080560	   0.01004024	   0.00685935	   0.00065394	   0.00166326	   0.29788783	   0.02653646	   5.24087811	
   0.00299722	   0.00115046	   0.00109121	   0.01372350	   0.00994758	   0.00077871	   0.00184676	   0.05507970	   0.00803291	   5.31746483	
   0.00246887	   0.00076064	   0.00070045	   0.01178342	   0.00861507	   0.00069948	   0.00170824	   0.79080415	   0.02520952	   5.38720036	
   0.00232722	   0.00088586	   0.00082425	   0.01004316	   0.00702892	   0.00068703	   0.00144136	   0.36057249	   0.01512665	   5.45808411	
   0.00168034	   0.00062768	   0.00056501	   0.00696060	   0.00477313	   0.00050713	   0.00105266	   0.08609340	   0.00250446	   5.48542404	
   0.00132343	   0.00037257	   0.00030886	   0.00538551	   0.00367371	   0.00038837	   0.00095086	   0.06442888	   0.00290499	   5.49500895	
   0.00131480	   0.00075485	   0.00069084	   0.00384019	   0.00220616	   0.00031923	   0.00055994	   0.03368586	   0.00081774	   5.45509005	
   0.00077750	   0.00009804	   0.00003393	   0.00291633	   0.00195399	   0.00018485	   0.00067945	   0.06959444	   0.00325216	   5.42463541	
   0.00128369	   0.00048171	   0.00041787	   0.00433131	   0.00273000	   0.00031762	   0.00080198	   0.23447688	   0.01020593	   5.40758991	
   0.00094052	  -0.00013002	  -0.00019385	   0.00419124	   0.00296914	   0.00028159	   0.00107054	   0.17860912	   0.00394027	   5.42579651	
   0.00164147	   0.00018762	   0.00012407	   0.00701159	   0.00486487	   0.00050525	   0.00145385	   0.63705146	   0.01681364	   5.44708347	
   0.00220848	   0.00056189	   0.00049830	   0.00902349	   0.00622254	   0.00059246	   0.00164659	   0.75349844	   0.03694968	   5.51639032	
   0.00196852	   0.00015079	   0.00008672	   0.00956338	   0.00697777	   0.00061709	   0.00181774	   0.30270621	   0.03332954	   5.60787106	
   0.00290840	   0.00115276	   0.00108765	   0.01224499	   0.00855233	   0.00078426	   0.00175563	   0.48120114	   0.02691365	   5.72765779	
   0.00228820	   0.00048669	   0.00042022	   0.01154924	   0.00857769	   0.00068335	   0.00180151	   0.76994467	   0.01423924	   5.85933256	
   0.00192597	   0.00046636	   0.00039941	   0.00935581	   0.00681751	   0.00061233	   0.00145961	   0.27360329	   0.01023223	   5.94738626	
   0.00213386	   0.00116685	   0.00109834	   0.00775362	   0.00503545	   0.00058430	   0.00096701	   0.00957627	   0.00087294	   6.03668499	
   0.00109197	   0.00010712	   0.00003783	   0.00544805	   0.00398278	   0.00037331	   0.00098485	   0.13094564	   0.00402641	   6.08504772	
   0.00089134	   0.00013041	   0.00006064	   0.00399912	   0.00283058	   0.00027720	   0.00076093	   0.05002740	   0.00100057	   6.10438490	
   0.00025430	  -0.00037190	  -0.00044086	   0.00218253	   0.00182718	   0.00010105	   0.00062621	   0.11335047	   0.00226346	   6.04675579	
   0.00035013	  -0.00040814	  -0.00047590	   0.00249881	   0.00203163	   0.00011704	   0.00075827	   0.10581750	   0.00222663	   5.96105337	
   0.00099798	   0.00001945	  -0.00004783	   0.00428030	   0.00299538	   0.00028695	   0.00097853	   0.21684934	   0.00624538	   5.91306734	
   0.00182824	   0.00037015	   0.00030324	   0.00760196	   0.00528274	   0.00049099	   0.00145809	   0.33337745	   0.01136636	   5.89929819	
   0.00136685	  -0.00073765	  -0.00080407	   0.00826595	   0.00643120	   0.00046790	   0.00210450	   1.38393676	   0.01971364	   5.92766047	
   0.00167913	  -0.00028307	  -0.00034867	   0.01015782	   0.00790094	   0.00057775	   0.00196220	   0.18740685	   0.00712663	   5.95201540	
   0.00266053	   0.00073017	   0.00066406	   0.01291237	   0.00951811	   0.00073373	   0.00193036	   0.33341536	   0.01189153	   6.02508736	
   0.00207754	   0.00023342	   0.00016656	   0.01135639	   0.00863699	   0.00064187	   0.00184411	   0.43303183	   0.01337551	   6.10782099	
   0.00136754	  -0.00033951	  -0.00040637	   0.00965505	   0.00773181	   0.00055570	   0.00170705	   0.33360526	   0.00688042	   6.14397287	
   0.00123719	  -0.00002719	  -0.00009433	   0.00691108	   0.00523664	   0.00043725	   0.00126438	   0.06263217	   0.00364562	   6.17149639	
   0.00069115	  -0.00041442	  -0.00048142	   0.00520856	   0.00422054	   0.00029686	   0.00110558	   0.12107451	   0.00197303	   6.15654707	
   0.00085901	   0.00018463	   0.00011771	   0.00340018	   0.00230672	   0.00023445	   0.00067438	   0.08199774	   0.00172153	   6.11754799	
