   0.00000000	  -0.00046348	  -0.00046348	   0.00000000	   0.00000000	   0.00000000	   0.00046348	   0.00000000	   0.01052014	   0.00000000	
   0.00000000	  -0.00088815	  -0.00088815	   0.00000000	   0.00000000	   0.00000000	   0.00088815	   0.00000000	   0.05653271	   0.00000000	
   0.00000000	  -0.00099085	  -0.00099085	   0.00000000	   0.00000000	   0.00000000	   0.00099085	   0.00000000	   0.13882644	   0.00000000	
   0.00009359	  -0.00082098	  -0.00082098	   0.00013148	   0.00000984	   0.00002805	   0.00091457	   0.00349680	   0.47055519	   0.02200875	
   0.00265503	   0.00137852	   0.00137852	   0.00403808	   0.00058675	   0.00079630	   0.00127651	   0.28134817	   0.38100377	   1.10913455	
   0.00370441	   0.00215111	   0.00215111	   0.00625993	   0.00144439	   0.00111113	   0.00155330	   0.52433628	   0.46543723	   1.93617272	
   0.00362700	   0.00220086	   0.00220086	   0.00636975	   0.00165482	   0.00108793	   0.00142614	   0.65408647	   0.38024864	   2.31590414	
   0.00303114	   0.00152813	   0.00152813	   0.00569888	   0.00175856	   0.00090918	   0.00150301	   0.65405065	   0.23274454	   2.54901314	
   0.00104544	  -0.00080329	  -0.00080329	   0.00199996	   0.00064046	   0.00031406	   0.00184873	   0.23918773	   0.27836514	   1.09496200	
   0.00000000	  -0.00165095	  -0.00165095	   0.00000000	   0.00000000	   0.00000000	   0.00165095	   0.00000000	   0.24545085	   0.00000000	
   0.00000000	  -0.00155313	  -0.00155313	   0.00000000	   0.00000000	   0.00000000	   0.00155313	   0.00000000	   0.10096874	   0.00000000	
   0.00000000	  -0.00101749	  -0.00101749	   0.00000000	   0.00000000	   0.00000000	   0.00101749	   0.00000000	   0.02256536	   0.00000000	
   0.00000000	  -0.00083463	  -0.00083463	   0.00000000	   0.00000000	   0.00000000	   0.00083463	   0.00000000	   0.00958724	   0.00000000	
   0.00000000	  -0.00086950	  -0.00086950	   0.00000000	   0.00000000	   0.00000000	   0.00086950	   0.00000000	   0.00000000	   0.00000000	
   0.00000000	  -0.00071783	  -0.00071783	   0.00000000	   0.00000000	   0.00000000	   0.00071783	   0.00000000	   0.14820811	   0.00000000	
   0.00004826	  -0.00086701	  -0.00086701	   0.00006899	   0.00000627	   0.00001446	   0.00091527	   0.00151832	   0.43919474	   0.01141671	
   0.00251422	   0.00123523	   0.00123523	   0.00379991	   0.00053161	   0.00075409	   0.00127898	   0.15535969	   0.46152294	   0.94677138	
   0.00399558	   0.00241890	   0.00241890	   0.00663728	   0.00144319	   0.00119851	   0.00157668	   0.41903332	   0.37632862	   1.83122098	
   0.00377431	   0.00237723	   0.00237723	   0.00651663	   0.00161018	   0.00113214	   0.00139709	   0.74888951	   0.32401758	   2.23454309	
   0.00363652	   0.00211292	   0.00211292	   0.00685925	   0.00213191	   0.00109082	   0.00152360	   0.37303597	   0.13641557	   2.60284472	
   0.00162468	   0.00021520	   0.00021520	   0.00311738	   0.00100543	   0.00048728	   0.00140948	   0.14311478	   0.10347175	   2.00083184	
   0.00011614	  -0.00129178	  -0.00129178	   0.00020560	   0.00005410	   0.00003536	   0.00140793	   0.02172403	   0.16059399	   0.11717889	
   0.00000000	  -0.00125042	  -0.00125042	   0.00000000	   0.00000000	   0.00000000	   0.00125042	   0.00000000	   0.08648194	   0.00000000	
   0.00000000	  -0.00125818	  -0.00125818	   0.00000000	   0.00000000	   0.00000000	   0.00125818	   0.00000000	   0.00512640	   0.00000000	
   0.00000000	  -0.00113920	  -0.00113920	   0.00000000	   0.00000000	   0.00000000	   0.00113920	   0.00000000	   0.00000000	   0.00000000	
   0.00000000	  -0.00103840	  -0.00103840	   0.00000000	   0.00000000	   0.00000000	   0.00103840	   0.00000000	   0.00000000	   0.00000000	
   0.00000000	  -0.00087793	  -0.00087793	   0.00000000	   0.00000000	   0.00000000	   0.00087793	   0.00000000	   0.11904101	   0.00000000	
   0.00000000	  -0.00091442	  -0.00091442	   0.00000000	   0.00000000	   0.00000000	   0.00091442	   0.00000000	   0.42400852	   0.00000000	
   0.00152380	   0.00049759	   0.00049759	   0.00223110	   0.00025029	   0.00045701	   0.00102621	   0.13212903	   0.48868576	   0.55911744	
   0.00313733	   0.00200461	   0.00200461	   0.00507790	   0.00099951	   0.00094105	   0.00113273	   0.52749640	   0.47066328	   1.74861002	
   0.00351002	   0.00221365	   0.00221365	   0.00599364	   0.00143075	   0.00105287	   0.00129637	   0.44939113	   0.33832887	   2.18555188	
   0.00346673	   0.00213841	   0.00213841	   0.00628653	   0.00177990	   0.00103989	   0.00132832	   0.44285688	   0.23934042	   2.54240346	
   0.00210024	   0.00077128	   0.00077128	   0.00403883	   0.00130863	   0.00062996	   0.00132896	   0.26003057	   0.13011159	   2.41006875	
   0.00040432	  -0.00124917	  -0.00124917	   0.00077112	   0.00024497	   0.00012182	   0.00165349	   0.04842784	   0.18432122	   0.50292516	
   0.00000000	  -0.00139601	  -0.00139601	   0.00000000	   0.00000000	   0.00000000	   0.00139601	   0.00000000	   0.03903810	   0.00000000	
   0.00000000	  -0.00103331	  -0.00103331	   0.00000000	   0.00000000	   0.00000000	   0.00103331	   0.00000000	   0.00543429	   0.00000000	
   0.00000000	  -0.00117176	  -0.00117176	   0.00000000	   0.00000000	   0.00000000	   0.00117176	   0.00000000	   0.00000000	   0.00000000	
   0.00000000	  -0.00100298	  -0.00100298	   0.00000000	   0.00000000	   0.00000000	   0.00100298	   0.00000000	   0.00000000	   0.00000000	
   0.00000000	  -0.00095426	  -0.00095426	   0.00000000	   0.00000000	   0.00000000	   0.00095426	   0.00000000	   0.12575652	   0.00000000	
   0.00000000	  -0.00101241	  -0.00101241	   0.00000000	   0.00000000	   0.00000000	   0.00101241	   0.00000000	   0.36006957	   0.00000000	
   0.00207299	   0.00089239	   0.00089239	   0.00310690	   0.00041215	   0.00062175	   0.00118060	   0.07198372	   0.63895696	   0.74496663	
   0.00348559	   0.00216265	   0.00216265	   0.00567731	   0.00114617	   0.00104554	   0.00132295	   0.28401443	   0.30671361	   1.72505367	
   0.00345403	   0.00210312	   0.00210312	   0.00590589	   0.00141577	   0.00103608	   0.00135091	   0.67414314	   0.33978772	   2.11859703	
   0.00286384	   0.00168696	   0.00168696	   0.00512595	   0.00140308	   0.00085904	   0.00117688	   0.33754462	   0.26605916	   2.44779205	
   0.00190577	   0.00044809	   0.00044809	   0.00368103	   0.00120363	   0.00057162	   0.00145768	   0.09930642	   0.06933232	   2.14944220	
   0.00028437	  -0.00121663	  -0.00121663	   0.00050091	   0.00013073	   0.00008581	   0.00150100	   0.02411933	   0.04328661	   0.32397681	
   0.00000000	  -0.00140540	  -0.00140540	   0.00000000	   0.00000000	   0.00000000	   0.00140540	   0.00000000	   0.03100279	   0.00000000	
   0.00000000	  -0.00129434	  -0.00129434	   0.00000000	   0.00000000	   0.00000000	   0.00129434	   0.00000000	   0.00000000	   0.00000000	
   0.00000000	  -0.00099011	  -0.00099011	   0.00000000	   0.00000000	   0.00000000	   0.00099011	   0.00000000	   0.00000000	   0.00000000	
   0.00000000	  -0.00099002	  -0.00099002	   0.00000000	   0.00000000	   0.00000000	   0.00099002	   0.00000000	   0.00000000	   0.00000000	
   0.00000000	  -0.00094336	  -0.00094336	   0.00000000	   0.00000000	   0.00000000	   0.00094336	   0.00000000	   0.08129987	   0.00000000	
   0.00000000	  -0.00097190	  -0.00097190	   0.00000000	   0.00000000	   0.00000000	   0.00097190	   0.00000000	   0.36935061	   0.00000000	
   0.00183312	   0.00065883	   0.00065883	   0.00270210	   0.00031917	   0.00054981	   0.00117428	   0.16300923	   0.45255116	   0.64890301	
   0.00342736	   0.00214955	   0.00214955	   0.00561783	   0.00116239	   0.00102808	   0.00127781	   0.30884269	   0.35296661	   1.67177808	
   0.00418164	   0.00251300	   0.00251300	   0.00731235	   0.00187634	   0.00125437	   0.00166863	   0.42756030	   0.45596072	   2.11666346	
   0.00300789	   0.00174405	   0.00174405	   0.00544468	   0.00153453	   0.00090226	   0.00126384	   0.36030865	   0.23132421	   2.47104788	
   0.00192216	   0.00020639	   0.00020639	   0.00381815	   0.00131944	   0.00057655	   0.00171578	   0.22910400	   0.13053916	   2.06058121	
   0.00020033	  -0.00165827	  -0.00165827	   0.00035601	   0.00009497	   0.00006072	   0.00185860	   0.02721457	   0.11516389	   0.18239354	
   0.00000000	  -0.00135731	  -0.00135731	   0.00000000	   0.00000000	   0.00000000	   0.00135731	   0.00000000	   0.02810332	   0.00000000	
   0.00000000	  -0.00095651	  -0.00095651	   0.00000000	   0.00000000	   0.00000000	   0.00095651	   0.00000000	   0.01261528	   0.00000000	
   0.00000000	  -0.00088482	  -0.00088482	   0.00000000	   0.00000000	   0.00000000	   0.00088482	   0.00000000	   0.02376081	   0.00000000	
   0.00000000	  -0.00069565	  -0.00069565	   0.00000000	   0.00000000	   0.00000000	   0.00069565	   0.00000000	   0.10496371	   0.00000000	
   0.00000000	  -0.00086199	  -0.00086199	   0.00000000	   0.00000000	   0.00000000	   0.00086199	   0.00000000	   0.14771129	   0.00000000	
   0.00087358	  -0.00031230	  -0.00031230	   0.00125945	   0.00012387	   0.00026200	   0.00118588	   0.00160685	   0.14918905	   0.23458146	
   0.00296758	   0.00176934	   0.00176934	   0.00462855	   0.00077083	   0.00089014	   0.00119824	   0.17204717	   0.35968420	   1.39789796	
   0.00357226	   0.00228075	   0.00228075	   0.00597355	   0.00132974	   0.00107155	   0.00129151	   0.53209835	   0.50497800	   1.99071848	
   0.00355345	   0.00226764	   0.00226764	   0.00627049	   0.00165113	   0.00106592	   0.00128581	   0.24674679	   0.21277879	   2.34581447	
   0.00306231	   0.00182138	   0.00182138	   0.00566261	   0.00168171	   0.00091859	   0.00124093	   0.52990770	   0.19239016	   2.67540097	
   0.00161649	   0.00035095	   0.00035095	   0.00309392	   0.00099257	   0.00048485	   0.00126555	   0.18073748	   0.09508798	   2.14075851	
   0.00025096	  -0.00119317	  -0.00119317	   0.00044674	   0.00011998	   0.00007579	   0.00144414	   0.01525052	   0.08328638	   0.24376881	
   0.00000000	  -0.00109914	  -0.00109914	   0.00000000	   0.00000000	   0.00000000	   0.00109914	   0.00000000	   0.03815103	   0.00000000	
   0.00000000	  -0.00120237	  -0.00120237	   0.00000000	   0.00000000	   0.00000000	   0.00120237	   0.00000000	   0.01433400	   0.00000000	
   0.00000000	  -0.00089531	  -0.00089531	   0.00000000	   0.00000000	   0.00000000	   0.00089531	   0.00000000	   0.04464702	   0.00000000	
   0.00000000	  -0.00071480	  -0.00071480	   0.00000000	   0.00000000	   0.00000000	   0.00071480	   0.00000000	   0.05304090	   0.00000000	
   0.00000000	  -0.00085181	  -0.00085181	   0.00000000	   0.00000000	   0.00000000	   0.00085181	   0.00000000	   0.15523323	   0.00000000	
   0.00000000	  -0.00101167	  -0.00101167	   0.00000000	   0.00000000	   0.00000000	   0.00101167	   0.00000000	   0.36890367	   0.00000000	
   0.00210087	   0.00078639	   0.00078639	   0.00318259	   0.00045157	   0.00063015	   0.00131448	   0.11277329	   0.29120639	   0.78359056	
   0.00337663	   0.00195265	   0.00195265	   0.00564062	   0.00125112	   0.00101287	   0.00142398	   0.14179987	   0.16469978	   1.90732563	
   0.00341644	   0.00209064	   0.00209064	   0.00593027	   0.00148900	   0.00102482	   0.00132580	   0.46917570	   0.25255436	   2.28621769	
   0.00315761	   0.00170910	   0.00170910	   0.00580899	   0.00170419	   0.00094718	   0.00144851	   0.30069962	   0.25449586	   2.53574634	
   0.00095763	  -0.00093895	  -0.00093895	   0.00192768	   0.00068220	   0.00028785	   0.00189658	   0.22203867	   0.17184721	   1.11597359	
   0.00000000	  -0.00170854	  -0.00170854	   0.00000000	   0.00000000	   0.00000000	   0.00170854	   0.00000000	   0.16462351	   0.00000000	
   0.00000000	  -0.00143775	  -0.00143775	   0.00000000	   0.00000000	   0.00000000	   0.00143775	   0.00000000	   0.05447540	   0.00000000	
   0.00000000	  -0.00115101	  -0.00115101	   0.00000000	   0.00000000	   0.00000000	   0.00115101	   0.00000000	   0.00835810	   0.00000000	
   0.00000000	  -0.00097186	  -0.00097186	   0.00000000	   0.00000000	   0.00000000	   0.00097186	   0.00000000	   0.00000000	   0.00000000	
   0.00000000	  -0.00073618	  -0.00073618	   0.00000000	   0.00000000	   0.00000000	   0.00073618	   0.00000000	   0.02851803	   0.00000000	
   0.00000000	  -0.00065057	  -0.00065057	   0.00000000	   0.00000000	   0.00000000	   0.00065057	   0.00000000	   0.22510295	   0.00000000	
   0.00001027	  -0.00112107	  -0.00112107	   0.00001525	   0.00000191	   0.00000307	   0.00113135	   0.00135899	   0.33073932	   0.00513878	
   0.00261480	   0.00132766	   0.00132766	   0.00388458	   0.00048547	   0.00078430	   0.00128714	   0.10006733	   0.58238530	   0.82959372	
   0.00312890	   0.00191205	   0.00191205	   0.00503813	   0.00097070	   0.00093854	   0.00121684	   0.42757902	   0.40388244	   1.68073797	
   0.00351878	   0.00223253	   0.00223253	   0.00592301	   0.00134871	   0.00105552	   0.00128625	   0.61911416	   0.49088463	   2.02929997	
   0.00352857	   0.00218727	   0.00218727	   0.00629013	   0.00170309	   0.00105847	   0.00134130	   0.22247680	   0.25402814	   2.38547015	
   0.00194691	   0.00048083	   0.00048083	   0.00372355	   0.00119267	   0.00058397	   0.00146608	   0.21417302	   0.10621602	   2.13507056	
   0.00034677	  -0.00115586	  -0.00115586	   0.00061674	   0.00016549	   0.00010448	   0.00150263	   0.01154905	   0.15373658	   0.32600242	
   0.00000000	  -0.00119968	  -0.00119968	   0.00000000	   0.00000000	   0.00000000	   0.00119968	   0.00000000	   0.07695484	   0.00000000	
   0.00000000	  -0.00115545	  -0.00115545	   0.00000000	   0.00000000	   0.00000000	   0.00115545	   0.00000000	   0.00745058	   0.00000000	
   0.00000000	  -0.00094980	  -0.00094980	   0.00000000	   0.00000000	   0.00000000	   0.00094980	   0.00000000	   0.00757189	   0.00000000	
   0.00000000	  -0.00064745	  -0.00064745	   0.00000000	   0.00000000	   0.00000000	   0.00064745	   0.00000000	   0.05302146	   0.00000000	
   0.00000000	  -0.00078427	  -0.00078427	   0.00000000	   0.00000000	   0.00000000	   0.00078427	   0.00000000	   0.11886176	   0.00000000	
   0.00000000	  -0.00103898	  -0.00103898	   0.00000000	   0.00000000	   0.00000000	   0.00103898	   0.00000000	   0.11889201	   0.00000000	
   0.00105165	  -0.00014808	  -0.00014808	   0.00154374	   0.00017668	   0.00031542	   0.00119973	   0.07819455	   0.56347221	   0.36689100	
   0.00311140	   0.00179445	   0.00179445	   0.00503804	   0.00099334	   0.00093330	   0.00131695	   0.22050944	   0.23888020	   1.60568953	
   0.00370858	   0.00217602	   0.00217602	   0.00638637	   0.00156533	   0.00111246	   0.00153256	   0.33012187	   0.25570935	   2.09421515	
   0.00317020	   0.00193510	   0.00193510	   0.00565202	   0.00153086	   0.00095096	   0.00123510	   0.56605119	   0.28005084	   2.42941260	
   0.00185728	   0.00058459	   0.00058459	   0.00346463	   0.00105026	   0.00055709	   0.00127269	   0.15890007	   0.10627520	   2.15237856	
   0.00029347	  -0.00107443	  -0.00107443	   0.00050475	   0.00012259	   0.00008869	   0.00136790	   0.00883701	   0.04315900	   0.26004487	
   0.00000000	  -0.00124059	  -0.00124059	   0.00000000	   0.00000000	   0.00000000	   0.00124059	   0.00000000	   0.03167791	   0.00000000	
   0.00000000	  -0.00073066	  -0.00073066	   0.00000000	   0.00000000	   0.00000000	   0.00073066	   0.00000000	   0.01455197	   0.00000000	
   0.00000000	  -0.00086635	  -0.00086635	   0.00000000	   0.00000000	   0.00000000	   0.00086635	   0.00000000	   0.03597916	   0.00000000	
   0.00000000	  -0.00086218	  -0.00086218	   0.00000000	   0.00000000	   0.00000000	   0.00086218	   0.00000000	   0.00146142	   0.00000000	
   0.00000000	  -0.00090003	  -0.00090003	   0.00000000	   0.00000000	   0.00000000	   0.00090003	   0.00000000	   0.12075368	   0.00000000	
   0.00000796	  -0.00125844	  -0.00125844	   0.00001122	   0.00000088	   0.00000238	   0.00126639	   0.00000000	   0.24008681	   0.00202769	
   0.00247118	   0.00123505	   0.00123505	   0.00369412	   0.00048172	   0.00074122	   0.00123614	   0.10719191	   0.37816188	   0.87861967	
   0.00326317	   0.00196515	   0.00196515	   0.00529357	   0.00105157	   0.00097882	   0.00129802	   0.08670354	   0.12302075	   1.70210147	
   0.00326839	   0.00198784	   0.00198784	   0.00549832	   0.00124954	   0.00098040	   0.00128055	   0.39394519	   0.33810470	   2.04238677	
   0.00287979	   0.00128760	   0.00128760	   0.00528381	   0.00154019	   0.00086383	   0.00159219	   0.32528326	   0.25283009	   2.18547320	
   0.00080024	  -0.00135038	  -0.00135038	   0.00147002	   0.00042920	   0.00024058	   0.00215063	   0.10790869	   0.20455264	   0.68091881	
   0.00000000	  -0.00174711	  -0.00174711	   0.00000000	   0.00000000	   0.00000000	   0.00174711	   0.00000000	   0.16534422	   0.00000000	
   0.00000000	  -0.00101861	  -0.00101861	   0.00000000	   0.00000000	   0.00000000	   0.00101861	   0.00000000	   0.00035346	   0.00000000	
   0.00000000	  -0.00092919	  -0.00092919	   0.00000000	   0.00000000	   0.00000000	   0.00092919	   0.00000000	   0.00633492	   0.00000000	
   0.00000000	  -0.00092798	  -0.00092798	   0.00000000	   0.00000000	   0.00000000	   0.00092798	   0.00000000	   0.00000000	   0.00000000	
   0.00000000	  -0.00074691	  -0.00074691	   0.00000000	   0.00000000	   0.00000000	   0.00074691	   0.00000000	   0.02055843	   0.00000000	
   0.00000000	  -0.00069819	  -0.00069819	   0.00000000	   0.00000000	   0.00000000	   0.00069819	   0.00000000	   0.05971806	   0.00000000	
   0.00003953	  -0.00081871	  -0.00081871	   0.00005703	   0.00000566	   0.00001184	   0.00085824	   0.00000000	   0.47947595	   0.00966900	
   0.00235965	   0.00123746	   0.00123746	   0.00348554	   0.00041813	   0.00070776	   0.00112220	   0.13825203	   0.43518385	   0.81952620	
   0.00351080	   0.00222501	   0.00222501	   0.00564968	   0.00108577	   0.00105311	   0.00128579	   0.27393341	   0.36827987	   1.63312709	
   0.00348526	   0.00215395	   0.00215395	   0.00591210	   0.00138138	   0.00104546	   0.00133132	   0.42521611	   0.24900874	   2.02417827	
   0.00362803	   0.00236252	   0.00236252	   0.00642652	   0.00171018	   0.00108830	   0.00126552	   0.21094605	   0.10593198	   2.37691092	
   0.00183489	   0.00057674	   0.00057674	   0.00356657	   0.00118028	   0.00055140	   0.00125815	   0.00085812	   0.00258151	   2.20089316	
   0.00039834	  -0.00112110	  -0.00112110	   0.00073484	   0.00021659	   0.00011991	   0.00151945	   0.00000000	   0.00338645	   0.45000729	
   0.00000000	  -0.00114881	  -0.00114881	   0.00000000	   0.00000000	   0.00000000	   0.00114881	   0.00000000	   0.07776450	   0.00000000	
   0.00000000	  -0.00115874	  -0.00115874	   0.00000000	   0.00000000	   0.00000000	   0.00115874	   0.00000000	   0.01819743	   0.00000000	
   0.00000000	  -0.00046348	  -0.00046348	   0.00000000	   0.00000000	   0.00000000	   0.00046348	   0.00000000	   0.01052014	   0.00000000	
   0.00000000	  -0.00088815	  -0.00088815	   0.00000000	   0.00000000	   0.00000000	   0.00088815	   0.00000000	   0.05653271	   0.00000000	
   0.00000000	  -0.00099085	  -0.00099085	   0.00000000	   0.00000000	   0.00000000	   0.00099085	   0.00000000	   0.13882644	   0.00000000	
   0.00009359	  -0.00082098	  -0.00082098	   0.00013148	   0.00000984	   0.00002805	   0.00091457	   0.00349680	   0.47055519	   0.02200875	
   0.00265503	   0.00137852	   0.00137852	   0.00403808	   0.00058675	   0.00079630	   0.00127651	   0.28134817	   0.38100377	   1.10913455	
   0.00370441	   0.00215111	   0.00215111	   0.00625993	   0.00144439	   0.00111113	   0.00155330	   0.52433628	   0.46543723	   1.93617272	
   0.00362700	   0.00220086	   0.00220086	   0.00636975	   0.00165482	   0.00108793	   0.00142614	   0.65408647	   0.38024864	   2.31590414	
   0.00303114	   0.00152813	   0.00152813	   0.00569888	   0.00175856	   0.00090918	   0.00150301	   0.65405065	   0.23274454	   2.54901314	
   0.00104544	  -0.00080329	  -0.00080329	   0.00199996	   0.00064046	   0.00031406	   0.00184873	   0.23918773	   0.27836514	   1.09496200	
   0.00000000	  -0.00165095	  -0.00165095	   0.00000000	   0.00000000	   0.00000000	   0.00165095	   0.00000000	   0.24545085	   0.00000000	
   0.00000000	  -0.00155313	  -0.00155313	   0.00000000	   0.00000000	   0.00000000	   0.00155313	   0.00000000	   0.10096874	   0.00000000	
   0.00000000	  -0.00101749	  -0.00101749	   0.00000000	   0.00000000	   0.00000000	   0.00101749	   0.00000000	   0.02256536	   0.00000000	
   0.00000000	  -0.00083463	  -0.00083463	   0.00000000	   0.00000000	   0.00000000	   0.00083463	   0.00000000	   0.00958724	   0.00000000	
   0.00000000	  -0.00086950	  -0.00086950	   0.00000000	   0.00000000	   0.00000000	   0.00086950	   0.00000000	   0.00000000	   0.00000000	
   0.00000000	  -0.00071783	  -0.00071783	   0.00000000	   0.00000000	   0.00000000	   0.00071783	   0.00000000	   0.14820811	   0.00000000	
   0.00004826	  -0.00086701	  -0.00086701	   0.00006899	   0.00000627	   0.00001446	   0.00091527	   0.00151832	   0.43919474	   0.01141671	
   0.00251422	   0.00123523	   0.00123523	   0.00379991	   0.00053161	   0.00075409	   0.00127898	   0.15535969	   0.46152294	   0.94677138	
   0.00399558	   0.00241890	   0.00241890	   0.00663728	   0.00144319	   0.00119851	   0.00157668	   0.41903332	   0.37632862	   1.83122098	
   0.00377431	   0.00237723	   0.00237723	   0.00651663	   0.00161018	   0.00113214	   0.00139709	   0.74888951	   0.32401758	   2.23454309	
   0.00363652	   0.00211292	   0.00211292	   0.00685925	   0.00213191	   0.00109082	   0.00152360	   0.37303597	   0.13641557	   2.60284472	
   0.00162468	   0.00021520	   0.00021520	   0.00311738	   0.00100543	   0.00048728	   0.00140948	   0.14311478	   0.10347175	   2.00083184	
   0.00011614	  -0.00129178	  -0.00129178	   0.00020560	   0.00005410	   0.00003536	   0.00140793	   0.02172403	   0.16059399	   0.11717889	
   0.00000000	  -0.00125042	  -0.00125042	   0.00000000	   0.00000000	   0.00000000	   0.00125042	   0.00000000	   0.08648194	   0.00000000	
   0.00000000	  -0.00125818	  -0.00125818	   0.00000000	   0.00000000	   0.00000000	   0.00125818	   0.00000000	   0.00512640	   0.00000000	
   0.00000000	  -0.00113920	  -0.00113920	   0.00000000	   0.00000000	   0.00000000	   0.00113920	   0.00000000	   0.00000000	   0.00000000	
   0.00000000	  -0.00103840	  -0.00103840	   0.00000000	   0.00000000	   0.00000000	   0.00103840	   0.00000000	   0.00000000	   0.00000000	
   0.00000000	  -0.00087793	  -0.00087793	   0.00000000	   0.00000000	   0.00000000	   0.00087793	   0.00000000	   0.11904101	   0.00000000	
   0.00000000	  -0.00091442	  -0.00091442	   0.00000000	   0.00000000	   0.00000000	   0.00091442	   0.00000000	   0.42400852	   0.00000000	
   0.00152380	   0.00049759	   0.00049759	   0.00223110	   0.00025029	   0.00045701	   0.00102621	   0.13212903	   0.48868576	   0.55911744	
   0.00313733	   0.00200461	   0.00200461	   0.00507790	   0.00099951	   0.00094105	   0.00113273	   0.52749640	   0.47066328	   1.74861002	
   0.00351002	   0.00221365	   0.00221365	   0.00599364	   0.00143075	   0.00105287	   0.00129637	   0.44939113	   0.33832887	   2.18555188	
   0.00346673	   0.00213841	   0.00213841	   0.00628653	   0.00177990	   0.00103989	   0.00132832	   0.44285688	   0.23934042	   2.54240346	
   0.00210024	   0.00077128	   0.00077128	   0.00403883	   0.00130863	   0.00062996	   0.00132896	   0.26003057	   0.13011159	   2.41006875	
   0.00040432	  -0.00124917	  -0.00124917	   0.00077112	   0.00024497	   0.00012182	   0.00165349	   0.04842784	   0.18432122	   0.50292516	
   0.00000000	  -0.00139601	  -0.00139601	   0.00000000	   0.00000000	   0.00000000	   0.00139601	   0.00000000	   0.03903810	   0.00000000	
   0.00000000	  -0.00103331	  -0.00103331	   0.00000000	   0.00000000	   0.00000000	   0.00103331	   0.00000000	   0.00543429	   0.00000000	
   0.00000000	  -0.00117176	  -0.00117176	   0.00000000	   0.00000000	   0.00000000	   0.00117176	   0.00000000	   0.00000000	   0.00000000	
   0.00000000	  -0.00100298	  -0.00100298	   0.00000000	   0.00000000	   0.00000000	   0.00100298	   0.00000000	   0.00000000	   0.00000000	
   0.00000000	  -0.00095426	  -0.00095426	   0.00000000	   0.00000000	   0.00000000	   0.00095426	   0.00000000	   0.12575652	   0.00000000	
   0.00000000	  -0.00101241	  -0.00101241	   0.00000000	   0.00000000	   0.00000000	   0.00101241	   0.00000000	   0.36006957	   0.00000000	
   0.00207299	   0.00089239	   0.00089239	   0.00310690	   0.00041215	   0.00062175	   0.00118060	   0.07198372	   0.63895696	   0.74496663	
   0.00348559	   0.00216265	   0.00216265	   0.00567731	   0.00114617	   0.00104554	   0.00132295	   0.28401443	   0.30671361	   1.72505367	
   0.00345403	   0.00210312	   0.00210312	   0.00590589	   0.00141577	   0.00103608	   0.00135091	   0.67414314	   0.33978772	   2.11859703	
   0.00286384	   0.00168696	   0.00168696	   0.00512595	   0.00140308	   0.00085904	   0.00117688	   0.33754462	   0.26605916	   2.44779205	
   0.00190577	   0.00044809	   0.00044809	   0.00368103	   0.00120363	   0.00057162	   0.00145768	   0.09930642	   0.06933232	   2.14944220	
   0.00028437	  -0.00121663	  -0.00121663	   0.00050091	   0.00013073	   0.00008581	   0.00150100	   0.02411933	   0.04328661	   0.32397681	
   0.00000000	  -0.00140540	  -0.00140540	   0.00000000	   0.00000000	   0.00000000	   0.00140540	   0.00000000	   0.03100279	   0.00000000	
   0.00000000	  -0.00129434	  -0.00129434	   0.00000000	   0.00000000	   0.00000000	   0.00129434	   0.00000000	   0.00000000	   0.00000000	
   0.00000000	  -0.00099011	  -0.00099011	   0.00000000	   0.00000000	   0.00000000	   0.00099011	   0.00000000	   0.00000000	   0.00000000	
   0.00000000	  -0.00099002	  -0.00099002	   0.00000000	   0.00000000	   0.00000000	   0.00099002	   0.00000000	   0.00000000	   0.00000000	
   0.00000000	  -0.00094336	  -0.00094336	   0.00000000	   0.00000000	   0.00000000	   0.00094336	   0.00000000	   0.08129987	   0.00000000	
   0.00000000	  -0.00097190	  -0.00097190	   0.00000000	   0.00000000	   0.00000000	   0.00097190	   0.00000000	   0.36935061	   0.00000000	
   0.00183312	   0.00065883	   0.00065883	   0.00270210	   0.00031917	   0.00054981	   0.00117428	   0.16300923	   0.45255116	   0.64890301	
   0.00342736	   0.00214955	   0.00214955	   0.00561783	   0.00116239	   0.00102808	   0.00127781	   0.30884269	   0.35296661	   1.67177808	
   0.00418164	   0.00251300	   0.00251300	   0.00731235	   0.00187634	   0.00125437	   0.00166863	   0.42756030	   0.45596072	   2.11666346	
   0.00300789	   0.00174405	   0.00174405	   0.00544468	   0.00153453	   0.00090226	   0.00126384	   0.36030865	   0.23132421	   2.47104788	
   0.00192216	   0.00020639	   0.00020639	   0.00381815	   0.00131944	   0.00057655	   0.00171578	   0.22910400	   0.13053916	   2.06058121	
   0.00020033	  -0.00165827	  -0.00165827	   0.00035601	   0.00009497	   0.00006072	   0.00185860	   0.02721457	   0.11516389	   0.18239354	
   0.00000000	  -0.00135731	  -0.00135731	   0.00000000	   0.00000000	   0.00000000	   0.00135731	   0.00000000	   0.02810332	   0.00000000	
   0.00000000	  -0.00095651	  -0.00095651	   0.00000000	   0.00000000	   0.00000000	   0.00095651	   0.00000000	   0.01261528	   0.00000000	
   0.00000000	  -0.00088482	  -0.00088482	   0.00000000	   0.00000000	   0.00000000	   0.00088482	   0.00000000	   0.02376081	   0.00000000	
   0.00000000	  -0.00069565	  -0.00069565	   0.00000000	   0.00000000	   0.00000000	   0.00069565	   0.00000000	   0.10496371	   0.00000000	
   0.00000000	  -0.00086199	  -0.00086199	   0.00000000	   0.00000000	   0.00000000	   0.00086199	   0.00000000	   0.14771129	   0.00000000	
   0.00087358	  -0.00031230	  -0.00031230	   0.00125945	   0.00012387	   0.00026200	   0.00118588	   0.00160685	   0.14918905	   0.23458146	
   0.00296758	   0.00176934	   0.00176934	   0.00462855	   0.00077083	   0.00089014	   0.00119824	   0.17204717	   0.35968420	   1.39789796	
   0.00357226	   0.00228075	   0.00228075	   0.00597355	   0.00132974	   0.00107155	   0.00129151	   0.53209835	   0.50497800	   1.99071848	
   0.00355345	   0.00226764	   0.00226764	   0.00627049	   0.00165113	   0.00106592	   0.00128581	   0.24674679	   0.21277879	   2.34581447	
   0.00306231	   0.00182138	   0.00182138	   0.00566261	   0.00168171	   0.00091859	   0.00124093	   0.52990770	   0.19239016	   2.67540097	
   0.00161649	   0.00035095	   0.00035095	   0.00309392	   0.00099257	   0.00048485	   0.00126555	   0.18073748	   0.09508798	   2.14075851	
   0.00025096	  -0.00119317	  -0.00119317	   0.00044674	   0.00011998	   0.00007579	   0.00144414	   0.01525052	   0.08328638	   0.24376881	
   0.00000000	  -0.00109914	  -0.00109914	   0.00000000	   0.00000000	   0.00000000	   0.00109914	   0.00000000	   0.03815103	   0.00000000	
   0.00000000	  -0.00120237	  -0.00120237	   0.00000000	   0.00000000	   0.00000000	   0.00120237	   0.00000000	   0.01433400	   0.00000000	
   0.00000000	  -0.00089531	  -0.00089531	   0.00000000	   0.00000000	   0.00000000	   0.00089531	   0.00000000	   0.04464702	   0.00000000	
   0.00000000	  -0.00071480	  -0.00071480	   0.00000000	   0.00000000	   0.00000000	   0.00071480	   0.00000000	   0.05304090	   0.00000000	
   0.00000000	  -0.00085181	  -0.00085181	   0.00000000	   0.00000000	   0.00000000	   0.00085181	   0.00000000	   0.15523323	   0.00000000	
   0.00000000	  -0.00101167	  -0.00101167	   0.00000000	   0.00000000	   0.00000000	   0.00101167	   0.00000000	   0.36890367	   0.00000000	
   0.00210087	   0.00078639	   0.00078639	   0.00318259	   0.00045157	   0.00063015	   0.00131448	   0.11277329	   0.29120639	   0.78359056	
   0.00337663	   0.00195265	   0.00195265	   0.00564062	   0.00125112	   0.00101287	   0.00142398	   0.14179987	   0.16469978	   1.90732563	
   0.00341644	   0.00209064	   0.00209064	   0.00593027	   0.00148900	   0.00102482	   0.00132580	   0.46917570	   0.25255436	   2.28621769	
   0.00315761	   0.00170910	   0.00170910	   0.00580899	   0.00170419	   0.00094718	   0.00144851	   0.30069962	   0.25449586	   2.53574634	
   0.00095763	  -0.00093895	  -0.00093895	   0.00192768	   0.00068220	   0.00028785	   0.00189658	   0.22203867	   0.17184721	   1.11597359	
   0.00000000	  -0.00170854	  -0.00170854	   0.00000000	   0.00000000	   0.00000000	   0.00170854	   0.00000000	   0.16462351	   0.00000000	
   0.00000000	  -0.00143775	  -0.00143775	   0.00000000	   0.00000000	   0.00000000	   0.00143775	   0.00000000	   0.05447540	   0.00000000	
   0.00000000	  -0.00115101	  -0.00115101	   0.00000000	   0.00000000	   0.00000000	   0.00115101	   0.00000000	   0.00835810	   0.00000000	
   0.00000000	  -0.00097186	  -0.00097186	   0.00000000	   0.00000000	   0.00000000	   0.00097186	   0.00000000	   0.00000000	   0.00000000	
   0.00000000	  -0.00073618	  -0.00073618	   0.00000000	   0.00000000	   0.00000000	   0.00073618	   0.00000000	   0.02851803	   0.00000000	
   0.00000000	  -0.00065057	  -0.00065057	   0.00000000	   0.00000000	   0.00000000	   0.00065057	   0.00000000	   0.22510295	   0.00000000	
   0.00001027	  -0.00112107	  -0.00112107	   0.00001525	   0.00000191	   0.00000307	   0.00113135	   0.00135899	   0.33073932	   0.00513878	
   0.00261480	   0.00132766	   0.00132766	   0.00388458	   0.00048547	   0.00078430	   0.00128714	   0.10006733	   0.58238530	   0.82959372	
   0.00312890	   0.00191205	   0.00191205	   0.00503813	   0.00097070	   0.00093854	   0.00121684	   0.42757902	   0.40388244	   1.68073797	
   0.00351878	   0.00223253	   0.00223253	   0.00592301	   0.00134871	   0.00105552	   0.00128625	   0.61911416	   0.49088463	   2.02929997	
   0.00352857	   0.00218727	   0.00218727	   0.00629013	   0.00170309	   0.00105847	   0.00134130	   0.22247680	   0.25402814	   2.38547015	
   0.00194691	   0.00048083	   0.00048083	   0.00372355	   0.00119267	   0.00058397	   0.00146608	   0.21417302	   0.10621602	   2.13507056	
   0.00034677	  -0.00115586	  -0.00115586	   0.00061674	   0.00016549	   0.00010448	   0.00150263	   0.01154905	   0.15373658	   0.32600242	
   0.00000000	  -0.00119968	  -0.00119968	   0.00000000	   0.00000000	   0.00000000	   0.00119968	   0.00000000	   0.07695484	   0.00000000	
   0.00000000	  -0.00115545	  -0.00115545	   0.00000000	   0.00000000	   0.00000000	   0.00115545	   0.00000000	   0.00745058	   0.00000000	
   0.00000000	  -0.00094980	  -0.00094980	   0.00000000	   0.00000000	   0.00000000	   0.00094980	   0.00000000	   0.00757189	   0.00000000	
   0.00000000	  -0.00064745	  -0.00064745	   0.00000000	   0.00000000	   0.00000000	   0.00064745	   0.00000000	   0.05302146	   0.00000000	
   0.00000000	  -0.00078427	  -0.00078427	   0.00000000	   0.00000000	   0.00000000	   0.00078427	   0.00000000	   0.11886176	   0.00000000	
   0.00000000	  -0.00103898	  -0.00103898	   0.00000000	   0.00000000	   0.00000000	   0.00103898	   0.00000000	   0.11889201	   0.00000000	
   0.00105165	  -0.00014808	  -0.00014808	   0.00154374	   0.00017668	   0.00031542	   0.00119973	   0.07819455	   0.56347221	   0.36689100	
   0.00311140	   0.00179445	   0.00179445	   0.00503804	   0.00099334	   0.00093330	   0.00131695	   0.22050944	   0.23888020	   1.60568953	
   0.00370858	   0.00217602	   0.00217602	   0.00638637	   0.00156533	   0.00111246	   0.00153256	   0.33012187	   0.25570935	   2.09421515	
   0.00317020	   0.00193510	   0.00193510	   0.00565202	   0.00153086	   0.00095096	   0.00123510	   0.56605119	   0.28005084	   2.42941260	
   0.00185728	   0.00058459	   0.00058459	   0.00346463	   0.00105026	   0.00055709	   0.00127269	   0.15890007	   0.10627520	   2.15237856	
   0.00029347	  -0.00107443	  -0.00107443	   0.00050475	   0.00012259	   0.00008869	   0.00136790	   0.00883701	   0.04315900	   0.26004487	
   0.00000000	  -0.00124059	  -0.00124059	   0.00000000	   0.00000000	   0.00000000	   0.00124059	   0.00000000	   0.03167791	   0.00000000	
   0.00000000	  -0.00073066	  -0.00073066	   0.00000000	   0.00000000	   0.00000000	   0.00073066	   0.00000000	   0.01455197	   0.00000000	
   0.00000000	  -0.00086635	  -0.00086635	   0.00000000	   0.00000000	   0.00000000	   0.00086635	   0.00000000	   0.03597916	   0.00000000	
   0.00000000	  -0.00086218	  -0.00086218	   0.00000000	   0.00000000	   0.00000000	   0.00086218	   0.00000000	   0.00146142	   0.00000000	
   0.00000000	  -0.00090003	  -0.00090003	   0.00000000	   0.00000000	   0.00000000	   0.00090003	   0.00000000	   0.12075368	   0.00000000	
   0.00000796	  -0.00125844	  -0.00125844	   0.00001122	   0.00000088	   0.00000238	   0.00126639	   0.00000000	   0.24008681	   0.00202769	
   0.00247118	   0.00123505	   0.00123505	   0.00369412	   0.00048172	   0.00074122	   0.00123614	   0.10719191	   0.37816188	   0.87861967	
   0.00326317	   0.00196515	   0.00196515	   0.00529357	   0.00105157	   0.00097882	   0.00129802	   0.08670354	   0.12302075	   1.70210147	
   0.00326839	   0.00198784	   0.00198784	   0.00549832	   0.00124954	   0.00098040	   0.00128055	   0.39394519	   0.33810470	   2.04238677	
   0.00287979	   0.00128760	   0.00128760	   0.00528381	   0.00154019	   0.00086383	   0.00159219	   0.32528326	   0.25283009	   2.18547320	
   0.00080024	  -0.00135038	  -0.00135038	   0.00147002	   0.00042920	   0.00024058	   0.00215063	   0.10790869	   0.20455264	   0.68091881	
   0.00000000	  -0.00174711	  -0.00174711	   0.00000000	   0.00000000	   0.00000000	   0.00174711	   0.00000000	   0.16534422	   0.00000000	
   0.00000000	  -0.00101861	  -0.00101861	   0.00000000	   0.00000000	   0.00000000	   0.00101861	   0.00000000	   0.00035346	   0.00000000	
   0.00000000	  -0.00092919	  -0.00092919	   0.00000000	   0.00000000	   0.00000000	   0.00092919	   0.00000000	   0.00633492	   0.00000000	
   0.00000000	  -0.00092798	  -0.00092798	   0.00000000	   0.00000000	   0.00000000	   0.00092798	   0.00000000	   0.00000000	   0.00000000	
   0.00000000	  -0.00074691	  -0.00074691	   0.00000000	   0.00000000	   0.00000000	   0.00074691	   0.00000000	   0.02055843	   0.00000000	
   0.00000000	  -0.00069819	  -0.00069819	   0.00000000	   0.00000000	   0.00000000	   0.00069819	   0.00000000	   0.05971806	   0.00000000	
   0.00003953	  -0.00081871	  -0.00081871	   0.00005703	   0.00000566	   0.00001184	   0.00085824	   0.00000000	   0.47947595	   0.00966900	
   0.00235965	   0.00123746	   0.00123746	   0.00348554	   0.00041813	   0.00070776	   0.00112220	   0.13825203	   0.43518385	   0.81952620	
   0.00351080	   0.00222501	   0.00222501	   0.00564968	   0.00108577	   0.00105311	   0.00128579	   0.27393341	   0.36827987	   1.63312709	
   0.00348526	   0.00215395	   0.00215395	   0.00591210	   0.00138138	   0.00104546	   0.00133132	   0.42521611	   0.24900874	   2.02417827	
   0.00362803	   0.00236252	   0.00236252	   0.00642652	   0.00171018	   0.00108830	   0.00126552	   0.21094605	   0.10593198	   2.37691092	
   0.00183489	   0.00057674	   0.00057674	   0.00356657	   0.00118028	   0.00055140	   0.00125815	   0.00085812	   0.00258151	   2.20089316	
   0.00039834	  -0.00112110	  -0.00112110	   0.00073484	   0.00021659	   0.00011991	   0.00151945	   0.00000000	   0.00338645	   0.45000729	
   0.00000000	  -0.00114881	  -0.00114881	   0.00000000	   0.00000000	   0.00000000	   0.00114881	   0.00000000	   0.07776450	   0.00000000	
   0.00000000	  -0.00115874	  -0.00115874	   0.00000000	   0.00000000	   0.00000000	   0.00115874	   0.00000000	   0.01819743	   0.00000000	
