       plotID    soilWater     soilSnow          LAI         vegC        litrC        soilC       totalC    leafC_sum    leafC_max        leafC        stemC       crootC         cwdc    FSM_soilw     FSM_icew    FSM_snoww
       123   188.00671387	   0.00000000	   2.63987374	   0.21465579	   0.38485840	   9.94464016	  10.54415417	   0.08953518	   0.00000000	   0.00000000	   0.00000000	   0.00000000	   0.03950000	   0.00016659	   0.07717842	   0.09928963	   0.16872375	   0.03055452	   0.14221524	   1.33193660	   8.43993378	
       123   185.79595947	  13.68156815	   2.71074891	   0.23818576	   0.41504508	   9.93238831	  10.58561897	   0.09932841	   0.00000000	   0.00000000	   0.00000000	   0.00000000	   0.03950000	   0.00090836	   0.09779222	   0.10256126	   0.17428324	   0.04269991	   0.12554391	   1.32433283	   8.43981171	
       123   185.01911926	  13.23758316	   2.71391845	   0.21447045	   0.43987477	   9.93321419	  10.58755875	   0.08944178	   0.00000000	   0.00000000	   0.00000000	   0.00000000	   0.03950000	   0.00207249	   0.10632308	   0.10816815	   0.18381107	   0.04598145	   0.12658346	   1.32123327	   8.43941593	
       123   184.34397888	  88.96263123	   2.54706144	   0.21316913	   0.41337684	   9.94012833	  10.56667423	   0.08889397	   0.00000000	   0.00000000	   0.00000000	   0.00000000	   0.03950000	   0.00057356	   0.09171003	   0.10432050	   0.17727275	   0.03916571	   0.13486837	   1.32704568	   8.43904877	
       123   184.71926880	   0.00000000	   2.58815551	   0.22098218	   0.39469600	   9.93547344	  10.55115128	   0.09215134	   0.00000000	   0.00000000	   0.00000000	   0.00000000	   0.03950000	   0.00038979	   0.08677899	   0.09929476	   0.16873245	   0.03698541	   0.13193986	   1.32767570	   8.43887234	
       123   184.34124756	   0.95149004	   2.75834012	   0.24082913	   0.45177075	   9.92887688	  10.62147713	   0.10041449	   0.00000000	   0.00000000	   0.00000000	   0.00000000	   0.03950000	   0.00282273	   0.11104748	   0.11054702	   0.18785352	   0.04743186	   0.12403353	   1.31893098	   8.43848133	
       123   184.39323425	   8.75192356	   2.62820959	   0.19740464	   0.40894911	   9.95140076	  10.55775452	   0.08232500	   0.00000000	   0.00000000	   0.00000000	   0.00000000	   0.03950000	   0.00013639	   0.08026771	   0.10708112	   0.18196388	   0.03077439	   0.15124415	   1.33136404	   8.43801880	
       123   185.31404114	   0.00000000	   2.53081226	   0.22913346	   0.42355230	   9.94284534	  10.59553051	   0.09553938	   0.00000000	   0.00000000	   0.00000000	   0.00000000	   0.03950000	   0.00122738	   0.09692604	   0.10591559	   0.17998329	   0.04191038	   0.12865162	   1.33408642	   8.43819714	
       123   184.46199036	   0.00000000	   2.57738376	   0.20003919	   0.44844684	   9.94504070	  10.59352684	   0.08342299	   0.00000000	   0.00000000	   0.00000000	   0.00000000	   0.03950000	   0.00492650	   0.10979942	   0.10899862	   0.18522231	   0.04720523	   0.12374227	   1.33564663	   8.43844700	
       123   184.34416199	  21.56493568	   2.29991961	   0.19260634	   0.36808082	   9.96093178	  10.52161884	   0.08032574	   0.00000000	   0.00000000	   0.00000000	   0.00000000	   0.03950000	   0.00011483	   0.06571603	   0.09733973	   0.16541025	   0.02468668	   0.14921536	   1.34823310	   8.43879700	
       123   185.92900085	   0.00000000	   2.53425860	   0.23141551	   0.40974927	   9.94185257	  10.58301735	   0.09653123	   0.00000000	   0.00000000	   0.00000000	   0.00000000	   0.03950000	   0.00164510	   0.09722184	   0.10053771	   0.17084461	   0.04323268	   0.12026384	   1.33885539	   8.43950081	
       plotID    soilWater     soilSnow          LAI         vegC        litrC        soilC       totalC    leafC_sum    leafC_max        leafC        stemC       crootC         cwdc    FSM_soilw     FSM_icew    FSM_snoww
       123   188.00671387	   0.00000000	   2.63987374	   0.21465579	   0.38485840	   9.94464016	  10.54415417	   0.08953518	   0.00000000	   0.00000000	   0.00000000	   0.00000000	   0.03950000	   0.00016659	   0.07717842	   0.09928963	   0.16872375	   0.03055452	   0.14221524	   1.33193660	   8.43993378	
       123   185.79595947	  13.68156815	   2.71074891	   0.23818576	   0.41504508	   9.93238831	  10.58561897	   0.09932841	   0.00000000	   0.00000000	   0.00000000	   0.00000000	   0.03950000	   0.00090836	   0.09779222	   0.10256126	   0.17428324	   0.04269991	   0.12554391	   1.32433283	   8.43981171	
       123   185.01911926	  13.23758316	   2.71391845	   0.21447045	   0.43987477	   9.93321419	  10.58755875	   0.08944178	   0.00000000	   0.00000000	   0.00000000	   0.00000000	   0.03950000	   0.00207249	   0.10632308	   0.10816815	   0.18381107	   0.04598145	   0.12658346	   1.32123327	   8.43941593	
       123   184.34397888	  88.96263123	   2.54706144	   0.21316913	   0.41337684	   9.94012833	  10.56667423	   0.08889397	   0.00000000	   0.00000000	   0.00000000	   0.00000000	   0.03950000	   0.00057356	   0.09171003	   0.10432050	   0.17727275	   0.03916571	   0.13486837	   1.32704568	   8.43904877	
       123   184.71926880	   0.00000000	   2.58815551	   0.22098218	   0.39469600	   9.93547344	  10.55115128	   0.09215134	   0.00000000	   0.00000000	   0.00000000	   0.00000000	   0.03950000	   0.00038979	   0.08677899	   0.09929476	   0.16873245	   0.03698541	   0.13193986	   1.32767570	   8.43887234	
       123   184.34124756	   0.95149004	   2.75834012	   0.24082913	   0.45177075	   9.92887688	  10.62147713	   0.10041449	   0.00000000	   0.00000000	   0.00000000	   0.00000000	   0.03950000	   0.00282273	   0.11104748	   0.11054702	   0.18785352	   0.04743186	   0.12403353	   1.31893098	   8.43848133	
       123   184.39323425	   8.75192356	   2.62820959	   0.19740464	   0.40894911	   9.95140076	  10.55775452	   0.08232500	   0.00000000	   0.00000000	   0.00000000	   0.00000000	   0.03950000	   0.00013639	   0.08026771	   0.10708112	   0.18196388	   0.03077439	   0.15124415	   1.33136404	   8.43801880	
       123   185.31404114	   0.00000000	   2.53081226	   0.22913346	   0.42355230	   9.94284534	  10.59553051	   0.09553938	   0.00000000	   0.00000000	   0.00000000	   0.00000000	   0.03950000	   0.00122738	   0.09692604	   0.10591559	   0.17998329	   0.04191038	   0.12865162	   1.33408642	   8.43819714	
       123   184.46199036	   0.00000000	   2.57738376	   0.20003919	   0.44844684	   9.94504070	  10.59352684	   0.08342299	   0.00000000	   0.00000000	   0.00000000	   0.00000000	   0.03950000	   0.00492650	   0.10979942	   0.10899862	   0.18522231	   0.04720523	   0.12374227	   1.33564663	   8.43844700	
       123   184.34416199	  21.56493568	   2.29991961	   0.19260634	   0.36808082	   9.96093178	  10.52161884	   0.08032574	   0.00000000	   0.00000000	   0.00000000	   0.00000000	   0.03950000	   0.00011483	   0.06571603	   0.09733973	   0.16541025	   0.02468668	   0.14921536	   1.34823310	   8.43879700	
       123   185.92900085	   0.00000000	   2.53425860	   0.23141551	   0.40974927	   9.94185257	  10.58301735	   0.09653123	   0.00000000	   0.00000000	   0.00000000	   0.00000000	   0.03950000	   0.00164510	   0.09722184	   0.10053771	   0.17084461	   0.04323268	   0.12026384	   1.33885539	   8.43950081	
