       plotID    soilWater     soilSnow          LAI         vegC        litrC        soilC       totalC    leafC_sum    leafC_max        leafC        stemC       crootC         cwdc    FSM_soilw     FSM_icew    FSM_snoww
         1     0.00090741	   0.09377085	   9.45826817	   8.40674305	   0.76001674	  13.85508347	  23.02184296	   0.21240284	         -inf	   0.17411201	   6.41846848	   1.39081800	   0.20094621	  83.76965332	 179.77632141	   0.00000000	
         1     0.00115943	   0.06000000	   9.45967865	   8.02394962	   0.66574365	  13.89121723	  22.58090973	   0.14329405	         -inf	   0.10722218	   6.18666792	   1.34058905	   0.32279053	  87.28600311	 175.65483093	   0.00000000	
         1     0.00229187	   0.01000000	   5.82548857	   7.60651255	   0.72826868	  13.88064766	  22.21542931	   0.04587833	         -inf	   0.02380796	   5.95337915	   1.29003763	   0.43627304	  86.87685394	 177.14788818	   0.00000000	
         1     1.29595947	   0.02000000	   1.29351020	   7.20618248	   0.74277878	  13.84248447	  21.79144669	   0.00016576	         -inf	   0.00005802	   5.71248102	   1.23783743	   0.54120982	  84.76115417	 186.17774963	   0.00000000	
       plotID    soilWater     soilSnow          LAI         vegC        litrC        soilC       totalC    leafC_sum    leafC_max        leafC        stemC       crootC         cwdc    FSM_soilw     FSM_icew    FSM_snoww
         1     0.01504407	   0.09000000	   7.99822998	   2.47111535	   0.74376386	  13.86287975	  17.07775879	   0.12739709	         -inf	   0.12739709	   6.38873863	   1.38437581	   0.20076752	  83.76965332	 179.77632141	   0.00000000	
         1     0.00006199	   0.06000000	   6.92161131	  -1.21806479	   0.64185816	  13.88680077	  13.31059361	   0.00335202	         -inf	   0.00335202	   6.13013458	   1.32833886	   0.32196784	  87.28600311	 175.65483093	   0.00000000	
       plotID    soilWater     soilSnow          LAI         vegC        litrC        soilC       totalC    leafC_sum    leafC_max        leafC        stemC       crootC         cwdc    FSM_soilw     FSM_icew    FSM_snoww
         1     0.01504407	   0.09000000	   7.99822998	   2.47111535	   0.74376386	  13.86287975	  17.07775879	   0.12739709	         -inf	   0.12739709	   6.38873863	   1.38437581	   0.20076752	  83.76965332	 179.77632141	   0.00000000	
         1     0.00006199	   0.06000000	   6.92161131	  -1.21806479	   0.64185816	  13.88680077	  13.31059361	   0.00335202	         -inf	   0.00335202	   6.13013458	   1.32833886	   0.32196784	  87.28600311	 175.65483093	   0.00000000	
       plotID    soilWater     soilSnow          LAI         vegC        litrC        soilC       totalC    leafC_sum    leafC_max        leafC        stemC       crootC         cwdc    FSM_soilw     FSM_icew    FSM_snoww
         1     0.01504407	   0.09000000	   7.99822998	   2.47111535	   0.74376386	  13.86287975	  17.07775879	   0.12739709	         -inf	   0.12739709	   6.38873863	   1.38437581	   0.20076752	  83.76965332	 179.77632141	   0.00000000	
         1     0.00006199	   0.06000000	   6.92161131	  -1.21806479	   0.64185816	  13.88680077	  13.31059361	   0.00335202	         -inf	   0.00335202	   6.13013458	   1.32833886	   0.32196784	  87.28600311	 175.65483093	   0.00000000	
       plotID    soilWater     soilSnow          LAI         vegC        litrC        soilC       totalC    leafC_sum    leafC_max        leafC        stemC       crootC         cwdc    FSM_soilw     FSM_icew    FSM_snoww
         1     0.00848474	   0.10386570	  10.40547657	   8.44795227	   0.78512830	  13.84268379	  23.07576370	   0.23768736	         -inf	   0.18800710	   6.42731142	   1.39273417	   0.20097634	  83.76965332	 179.77632141	   0.00000000	
         1     0.01244412	   0.60942262	  10.30181694	   8.20890808	   0.69184357	  13.88957405	  22.79032516	   0.25037903	         -inf	   0.17065695	   6.22904396	   1.34977150	   0.32311550	  87.28600311	 175.65483093	   0.00000000	
         1     0.00703688	   1.83539188	  11.33445835	   8.01717186	   0.76074749	  13.88405132	  22.66197014	   0.28498805	         -inf	   0.19585596	   6.04610825	   1.31013119	   0.43754432	  86.87685394	 177.14788818	   0.00000000	
         1     0.00720440	   2.16240644	  12.94208908	   7.85267448	   0.86213905	  13.88154602	  22.59635925	   0.32609266	         -inf	   0.22648941	   5.87870693	   1.27385700	   0.54448915	  84.76115417	 186.17774963	   0.00000000	
       plotID    soilWater     soilSnow          LAI         vegC        litrC        soilC       totalC    leafC_sum    leafC_max        leafC        stemC       crootC         cwdc    FSM_soilw     FSM_icew    FSM_snoww
         1     0.03666061	   0.09000000	   8.06103230	   8.26712322	   0.74650550	  13.86169338	  22.87532234	   0.14100809	         -inf	   0.13487701	   6.39349890	   1.38540733	   0.20080225	  83.76965332	 179.77632141	   0.00000000	
         1     0.00015928	   0.06000000	   7.32800341	   7.80479193	   0.64413905	  13.88680649	  22.33573723	   0.03069788	         -inf	   0.02384234	   6.14002466	   1.33048201	   0.32211205	  87.28600311	 175.65483093	   0.00000000	
         1     2.43275905	   0.01000000	   1.29537845	   7.38440704	   0.63953590	  13.84167480	  21.86561775	   0.00001802	         -inf	   0.00001802	   5.89148808	   1.27662647	   0.43465704	  86.87685394	 177.14788818	   0.00000000	
       plotID    soilWater     soilSnow          LAI         vegC        litrC        soilC       totalC    leafC_sum    leafC_max        leafC        stemC       crootC         cwdc    FSM_soilw     FSM_icew    FSM_snoww
         1     0.00533178	   0.09033979	   9.46910763	   8.39027023	   0.76531219	  13.85271454	  23.00829697	   0.20454580	         -inf	   0.16979416	   6.41572094	   1.39022255	   0.20092279	  83.76965332	 179.77632141	   0.00000000	
         1     0.00389420	   0.06000000	   9.22508621	   8.01017094	   0.66863227	  13.89006901	  22.56887245	   0.13644981	         -inf	   0.09999241	   6.18433046	   1.34008265	   0.32271114	  87.28600311	 175.65483093	   0.00000000	
         1     0.00248607	   0.01000000	   5.43268776	   7.60563612	   0.72806424	  13.87869358	  22.21239471	   0.04819807	         -inf	   0.02369533	   5.95302486	   1.28996098	   0.43614477	  86.87685394	 177.14788818	   0.00000000	
         1     1.52152634	   0.02000000	   1.28739071	   7.20440865	   0.74437851	  13.84119892	  21.78998566	   0.00018545	         -inf	   0.00006441	   5.71215105	   1.23776603	   0.54107052	  84.76115417	 186.17774963	   0.00000000	
       plotID    soilWater     soilSnow          LAI         vegC        litrC        soilC       totalC    leafC_sum    leafC_max        leafC        stemC       crootC         cwdc    FSM_soilw     FSM_icew    FSM_snoww
         1     0.01712900	   0.09000000	   9.16434765	   8.37219906	   0.76079130	  13.85499573	  22.98798561	   0.19388393	         -inf	   0.16393493	   6.41199160	   1.38941455	   0.20090467	  83.76965332	 179.77632141	   0.00000000	
         1     0.00765396	   0.06000000	   8.90674877	   7.97216368	   0.66303456	  13.88954449	  22.52474213	   0.11516860	         -inf	   0.08572964	   6.17530346	   1.33812642	   0.32260436	  87.28600311	 175.65483093	   0.00000000	
         1     0.00000902	   0.01000000	   4.65777683	   7.54300070	   0.71681762	  13.87597561	  22.13579369	   0.01526645	         -inf	   0.00007739	   5.93713140	   1.28651702	   0.43584463	  86.87685394	 177.14788818	   0.00000000	
         1     0.16211961	   0.02000000	   0.00420467	   7.17437124	   0.72452712	  13.82452774	  21.72342682	   0.00003993	         -inf	   0.00003993	   5.69680738	   1.23444116	   0.54049057	  84.76115417	 186.17774963	   0.00000000	
       plotID    soilWater     soilSnow          LAI         vegC        litrC        soilC       totalC    leafC_sum    leafC_max        leafC        stemC       crootC         cwdc    FSM_soilw     FSM_icew    FSM_snoww
         1     0.00848474	   0.10386570	  10.40547657	   8.44795227	   0.78512830	  13.84268379	  23.07576370	   0.23768736	         -inf	   0.18800710	   6.42731142	   1.39273417	   0.20097634	  83.76965332	 179.77632141	   0.00000000	
         1     0.01244412	   0.60942262	  10.30181694	   8.20890808	   0.69184357	  13.88957405	  22.79032516	   0.25037903	         -inf	   0.17065695	   6.22904396	   1.34977150	   0.32311550	  87.28600311	 175.65483093	   0.00000000	
         1     0.00703688	   1.83539188	  11.33445835	   8.01717186	   0.76074749	  13.88405132	  22.66197014	   0.28498805	         -inf	   0.19585596	   6.04610825	   1.31013119	   0.43754432	  86.87685394	 177.14788818	   0.00000000	
         1     0.00720440	   2.16240644	  12.94208908	   7.85267448	   0.86213905	  13.88154602	  22.59635925	   0.32609266	         -inf	   0.22648941	   5.87870693	   1.27385700	   0.54448915	  84.76115417	 186.17774963	   0.00000000	
       plotID    soilWater     soilSnow          LAI         vegC        litrC        soilC       totalC    leafC_sum    leafC_max        leafC        stemC       crootC         cwdc    FSM_soilw     FSM_icew    FSM_snoww
         1     0.00669486	   0.34452909	  11.17526531	   8.49601269	   0.80730498	  13.83138943	  23.13470650	   0.26567134	         -inf	   0.20338571	   6.43709898	   1.39485490	   0.20102130	  83.76965332	 179.77632141	   0.00000000	
         1     0.01311323	   1.40329826	  13.98194981	   8.41728210	   0.74099094	  13.87383652	  23.03211021	   0.37130997	         -inf	   0.24405548	   6.27534008	   1.35980344	   0.32347161	  87.28600311	 175.65483093	   0.00000000	
         1     0.01508588	   5.17457199	  17.98862076	   8.34693718	   0.88171810	  13.86505890	  23.09371376	   0.46493155	         -inf	   0.32237145	   6.13201284	   1.32874596	   0.43884504	  86.87685394	 177.14788818	   0.00000000	
         1     0.00193521	   4.03256845	  19.53235435	   8.18512917	   1.08386052	  13.87056351	  23.13955307	   0.48329684	         -inf	   0.34610170	   5.99032211	   1.29804289	   0.54743695	  84.76115417	 186.17774963	   0.00000000	
       plotID    soilWater     soilSnow          LAI         vegC        litrC        soilC       totalC    leafC_sum    leafC_max        leafC        stemC       crootC         cwdc    FSM_soilw     FSM_icew    FSM_snoww
         1     0.03175673	   0.35700813	  11.19659233	   8.49737072	   0.80834281	  13.83092499	  23.13663864	   0.26646110	         -inf	   0.20381972	   6.43737507	   1.39491475	   0.20102336	  83.76965332	 179.77632141	   0.00000000	
         1     0.00354077	   1.41537511	  14.01188755	   8.41854095	   0.74333876	  13.87298107	  23.03486061	   0.37195888	         -inf	   0.24461064	   6.27567816	   1.35987663	   0.32347909	  87.28600311	 175.65483093	   0.00000000	
         1     0.01847408	   5.16803551	  17.95471191	   8.34449577	   0.88302290	  13.86503410	  23.09255219	   0.46327081	         -inf	   0.32153884	   6.13169432	   1.32867682	   0.43885705	  86.87685394	 177.14788818	   0.00000000	
         1     0.04403771	   4.01648045	  19.39705086	   8.17812824	   1.08124721	  13.87216091	  23.13153648	   0.47905296	         -inf	   0.34327874	   5.98891306	   1.29773748	   0.54744136	  84.76115417	 186.17774963	   0.00000000	
