    plotID  year      PRCP      Tavg   max_LAI        ET     Trans    Evapor   CanopyW        OF       NPP       NBP       NEP       NEE       GPP        MR        GR        HR     root_MR     leaf_MR      bgc土壤水          bgc雪
         1  1995      64.5      -0.1       9.5     196.5     135.4      61.1      47.8       0.0     144.9    -357.4    -133.7    -357.4     467.5     279.0      43.6     278.7      42.6     130.8      54.3       0.2
         1  1996      54.7       0.0       9.5      54.8       1.9      52.8      44.0       0.0     136.0    -440.9    -231.0    -440.9     426.7     249.6      41.1     367.1      37.6     118.6       0.1       0.0
         1  1997      83.1      -0.6       5.8      83.2       3.3      79.9      68.9       0.0      84.8    -365.5    -167.8    -365.5     244.9     134.9      25.2     252.6      21.5      52.3       0.1       0.0
         1  1998      80.2      -0.1       1.3      78.9       0.5      78.5       0.4       0.0     -37.4    -424.0    -236.9    -424.0      11.4      48.6       0.1     199.5       8.8       1.5       0.7       0.0
    plotID  year      PRCP      Tavg   max_LAI        ET     Trans    Evapor   CanopyW        OF       NPP       NBP       NEP       NEE       GPP        MR        GR        HR     root_MR     leaf_MR      bgc土壤水          bgc雪
         1  1995      64.5      -0.1       8.0     196.5     134.6      62.0      47.8       0.0   -5793.8   -6301.5   -6079.7   -6301.5   -5539.6     254.1       0.0     286.0      39.4     110.2      57.0       0.1
         1  1996      54.7       0.0       6.9      54.8       2.4      52.4      41.8       0.0   -3206.4   -3767.2   -3562.7   -3767.2   -3038.0     168.3       0.0     356.3      27.0      51.7       0.1       0.0
         1  1997       0.8      -0.8       0.2       0.9       0.0       0.9       0.0       0.0       nan       nan       nan       nan       nan       1.0       nan       0.0       0.4       0.0       0.0       0.1
    plotID  year      PRCP      Tavg   max_LAI        ET     Trans    Evapor   CanopyW        OF       NPP       NBP       NEP       NEE       GPP        MR        GR        HR     root_MR     leaf_MR      bgc土壤水          bgc雪
         1  1995      64.5      -0.1       8.0     196.5     134.6      62.0      47.8       0.0   -5793.8   -6301.5   -6079.7   -6301.5   -5539.6     254.1       0.0     286.0      39.4     110.2      57.0       0.1
         1  1996      54.7       0.0       6.9      54.8       2.4      52.4      41.8       0.0   -3206.4   -3767.2   -3562.7   -3767.2   -3038.0     168.3       0.0     356.3      27.0      51.7       0.1       0.0
         1  1997       0.8      -0.8       0.2       0.9       0.0       0.9       0.0       0.0       nan       nan       nan       nan       nan       1.0       nan       0.0       0.4       0.0       0.0       0.1
    plotID  year      PRCP      Tavg   max_LAI        ET     Trans    Evapor   CanopyW        OF       NPP       NBP       NEP       NEE       GPP        MR        GR        HR     root_MR     leaf_MR      bgc土壤水          bgc雪
         1  1995      64.5      -0.1       8.0     196.5     134.6      62.0      47.8       0.0   -5793.8   -6301.5   -6079.7   -6301.5   -5539.6     254.1       0.0     286.0      39.4     110.2      57.0       0.1
         1  1996      54.7       0.0       6.9      54.8       2.4      52.4      41.8       0.0   -3206.4   -3767.2   -3562.7   -3767.2   -3038.0     168.3       0.0     356.3      27.0      51.7       0.1       0.0
         1  1997       0.8      -0.8       0.2       0.9       0.0       0.9       0.0       0.0       nan       nan       nan       nan       nan       1.0       nan       0.0       0.4       0.0       0.0       0.1
    plotID  year      PRCP      Tavg   max_LAI        ET     Trans    Evapor   CanopyW        OF       NPP       NBP       NEP       NEE       GPP        MR        GR        HR     root_MR     leaf_MR      bgc土壤水          bgc雪
         1  1995      64.5      -0.1      10.4     196.5     135.0      61.5      47.8       0.0     186.7    -303.5     -79.3    -303.5     525.1     282.0      56.4     266.0      43.1     133.2      54.7       0.2
         1  1996      54.7       0.0      10.3      54.2       2.1      52.1      44.0       0.0     301.7    -285.4     -72.5    -285.4     674.2     282.0      90.6     374.2      41.9     145.0       0.1       0.1
         1  1997      83.1      -0.6      11.3      81.9       4.2      77.7      69.6       0.0     338.0    -128.4      76.8    -128.4     678.8     239.6     101.2     261.2      35.7     137.8       0.1       0.4
         1  1998      80.2      -0.1      12.9      79.9       2.7      77.2      67.3       0.0     377.2     -65.6     135.3     -65.6     731.8     241.5     113.1     241.9      34.7     158.0       0.1       0.7
    plotID  year      PRCP      Tavg   max_LAI        ET     Trans    Evapor   CanopyW        OF       NPP       NBP       NEP       NEE       GPP        MR        GR        HR     root_MR     leaf_MR      bgc土壤水          bgc雪
         1  1995      64.5      -0.1       8.1     196.5     134.6      61.9      47.8       0.0       2.9    -503.9    -281.8    -503.9     269.3     259.5       7.0     284.7      40.0     114.7      56.3       0.1
         1  1996      54.7       0.0       7.3      54.8       0.9      53.9      44.0       0.0      23.2    -539.6    -334.1    -539.6     214.9     183.9       7.8     357.3      29.0      64.6       0.1       0.0
         1  1997      83.1      -0.6       1.3      80.8       0.0      80.7       0.0       0.0     -66.8    -470.1    -278.0    -470.1       2.6      69.4       0.0     211.2      12.7       0.6       1.6       0.0
         1  1998       0.1      -0.2       0.0       0.0       0.0       0.0       0.0       0.0       nan       nan       nan       nan       nan       0.2       nan       0.0       0.1       0.0       2.4       0.0
    plotID  year      PRCP      Tavg   max_LAI        ET     Trans    Evapor   CanopyW        OF       NPP       NBP       NEP       NEE       GPP        MR        GR        HR     root_MR     leaf_MR      bgc土壤水          bgc雪
         1  1995      64.5      -0.1       9.5     196.5     134.9      61.7      47.8       0.0     128.1    -371.0    -147.5    -371.0     443.2     275.6      39.5     275.5      42.2     128.0      55.2       0.1
         1  1996      54.7       0.0       9.2      54.8       1.6      53.2      44.0       0.0     138.1    -439.4    -229.9    -439.4     421.2     241.5      41.5     368.0      36.5     111.9       0.0       0.0
         1  1997      83.1      -0.6       5.4      83.2       3.5      79.7      68.7       0.0      92.9    -356.5    -159.0    -356.5     250.4     129.6      27.9     251.8      20.8      48.0       0.1       0.0
         1  1998      80.2      -0.1       1.3      78.7       0.7      77.9       0.8       0.0     -35.4    -422.4    -235.2    -422.4      13.8      49.1       0.1     199.8       8.8       1.9       1.3       0.0
    plotID  year      PRCP      Tavg   max_LAI        ET     Trans    Evapor   CanopyW        OF       NPP       NBP       NEP       NEE       GPP        MR        GR        HR     root_MR     leaf_MR      bgc土壤水          bgc雪
         1  1995      64.5      -0.1       9.2     196.5     134.8      61.7      47.8       0.0     109.7    -391.3    -168.0    -391.3     417.1     273.4      34.1     277.7      41.9     126.2      55.3       0.1
         1  1996      54.7       0.0       8.9      54.8       1.4      53.4      44.0       0.0     111.3    -463.2    -254.5    -463.2     376.1     231.2      33.5     365.8      35.2     103.5       0.1       0.0
         1  1997      83.1      -0.6       4.7      83.2      10.7      72.5      52.7       0.0      55.9    -388.9    -192.8    -388.9     183.4     110.2      17.3     248.7      18.2      32.2       0.1       0.0
         1  1998      80.2      -0.1       0.0      80.0       0.0      80.0       0.1       0.0     -44.8    -412.4    -226.5    -412.4       0.3      45.1       0.0     181.7       8.1       0.0       0.5       0.0
    plotID  year      PRCP      Tavg   max_LAI        ET     Trans    Evapor   CanopyW        OF       NPP       NBP       NEP       NEE       GPP        MR        GR        HR     root_MR     leaf_MR      bgc土壤水          bgc雪
         1  1995      64.5      -0.1      10.4     196.5     135.0      61.5      47.8       0.0     186.7    -303.5     -79.3    -303.5     525.1     282.0      56.4     266.0      43.1     133.2      54.7       0.2
         1  1996      54.7       0.0      10.3      54.2       2.1      52.1      44.0       0.0     301.7    -285.4     -72.5    -285.4     674.2     282.0      90.6     374.2      41.9     145.0       0.1       0.1
         1  1997      83.1      -0.6      11.3      81.9       4.2      77.7      69.6       0.0     338.0    -128.4      76.8    -128.4     678.8     239.6     101.2     261.2      35.7     137.8       0.1       0.4
         1  1998      80.2      -0.1      12.9      79.9       2.7      77.2      67.3       0.0     377.2     -65.6     135.3     -65.6     731.8     241.5     113.1     241.9      34.7     158.0       0.1       0.7
    plotID  year      PRCP      Tavg   max_LAI        ET     Trans    Evapor   CanopyW        OF       NPP       NBP       NEP       NEE       GPP        MR        GR        HR     root_MR     leaf_MR      bgc土壤水          bgc雪
         1  1995      64.5      -0.1      11.2     196.3     135.3      61.0      47.8       0.0     235.5    -244.5     -19.7    -244.5     593.7     287.5      70.7     255.2      43.8     137.7      54.4       0.2
         1  1996      54.7       0.0      14.0      53.7       2.5      51.2      44.0       0.0     480.9    -102.6     113.7    -102.6     940.2     315.0     144.3     367.3      46.5     171.8       0.1       0.2
         1  1997      83.1      -0.6      18.0      79.4       5.1      74.3      69.6       0.0     539.2      61.6     274.6      61.6    1025.7     324.9     161.7     264.5      47.5     206.4       0.1       1.3
         1  1998      80.2      -0.1      19.5      81.4      12.2      69.2      67.3       0.0     518.9      45.8     258.5      45.8    1030.2     355.6     155.7     260.4      50.4     248.0       0.3       2.3
    plotID  year      PRCP      Tavg   max_LAI        ET     Trans    Evapor   CanopyW        OF       NPP       NBP       NEP       NEE       GPP        MR        GR        HR     root_MR     leaf_MR      bgc土壤水          bgc雪
         1  1995      64.5      -0.1      11.2     196.2     135.3      61.0      47.8       0.0     236.9    -242.6     -17.7    -242.6     595.8     287.8      71.1     254.6      43.9     138.0      54.3       0.2
         1  1996      54.7       0.0      14.0      53.7       2.6      51.2      44.0       0.0     481.3    -101.8     114.5    -101.8     941.4     315.6     144.4     366.7      46.6     172.4       0.1       0.2
         1  1997      83.1      -0.6      18.0      79.4       5.1      74.2      69.6       0.0     536.0      57.7     270.8      57.7    1021.9     325.1     160.8     265.2      47.5     206.6       0.1       1.3
         1  1998      80.2      -0.1      19.4      81.3      12.1      69.2      67.3       0.0     513.6      39.0     251.6      39.0    1022.0     354.4     154.1     262.0      50.2     247.0       0.3       2.3
