6.41 0.17 4.22 0 1.72 63.33 37800 9999 9999
5.22 3.21 4.07 9.2 0.49 4.33 37800 9999 9999
5.81 2.34 3.93 0 1.38 65.03 43200 9999 9999
5.33 -1.48 1.96 0.1 0.82 75.13 41400 9999 9999
4.87 0.05 2.47 0 3.52 56.19 39600 9999 9999
-0.2 -2.47 -2.01 0 0.39 16.18 37800 9999 9999
-0.2 -3.1 -1.41 0.2 0.07 38.87 41400 9999 9999
1.23 -5.68 -1.89 3.9 0.27 77.8 39600 9999 9999
2.55 -0.31 1.32 9.6 0.36 34.53 37800 9999 9999
9.24 -0.6 3.69 5.7 1.54 140.59 39600 9999 9999
10.62 -2.14 4.48 0 1.94 148.2 39600 9999 9999
13.57 -0.26 6.34 0 3.64 158.79 39600 9999 9999
16.38 1.34 8.59 0 5.31 160.94 39600 9999 9999
16.05 2.92 9.28 0.8 4.59 152.2 39600 9999 9999
9.04 4.01 6.87 0 2.55 55.31 39600 9999 9999
14.4 2.66 8.6 0 3.51 132.96 50400 9999 9999
18.89 4.68 11.45 0 4.2 149.88 45000 9999 9999
17.62 5.61 11.95 0 3.33 127.02 41400 9999 9999
17.14 4.86 10.99 0 3.8 146.25 41400 9999 9999
14.73 3.5 9.67 0 3.48 114.07 39600 9999 9999
17.08 8.53 11.99 0 4.26 113.29 37800 9999 9999
12.36 7.37 9.66 0 1.64 35.45 39600 9999 9999
11.44 3.27 6.62 0.2 1.73 93.09 39600 9999 9999
8.67 2.74 5.8 2.6 0.95 44.34 39600 9999 9999
7.74 5.9 7 18.8 0.19 11.07 39600 9999 9999
7.92 5.76 7.18 5.7 0.27 15.02 37800 9999 9999
9 3.44 5.99 0.5 2.43 111.56 39600 9999 9999
10.89 -0.76 5.62 0 3.73 167.57 39600 9999 9999
9.78 5.01 7.65 0 3.63 54.23 39600 9999 9999
13.52 6.3 9.62 0 3.22 68.83 45000 9999 9999
18.13 5.72 11.66 0.3 3.4 92.83 39600 9999 9999
6.04 3.65 4.87 5.1 0.98 32.24 37800 9999 9999
6.49 4.49 5.3 2.1 0.94 21.21 37800 9999 9999
6.4 4.98 5.68 0.7 0.8 25.24 37800 9999 9999
12.28 5.26 8.02 0.1 3.06 135.16 39600 9999 9999
11.72 3.07 7.01 0 4.33 186.16 39600 9999 9999
11.63 0.79 6.79 0 4.15 161.66 39600 9999 9999
16.87 6.18 11.07 0.1 4.22 64.48 41400 9999 9999
22.49 9.64 15.87 0 5.13 173.77 39600 9999 9999
23.69 16.14 19.87 0 8.85 190.04 43200 9999 9999
22.34 7.99 15.97 0.4 4.22 162.37 43200 9999 9999
7.51 2.17 4.29 0.7 0.46 13.86 39600 9999 9999
2.21 0.91 1.62 10.5 0.34 16.74 39600 9999 9999
3.66 1.19 2.58 9.7 0.35 28.37 39600 9999 9999
6.36 3.54 4.98 1.5 0.36 32.99 43200 9999 9999
7.17 5.74 6.24 10.9 0.19 19.27 48600 9999 9999
7.62 5.41 6.46 4.6 0.68 26.08 43200 9999 9999
11.46 6.51 9.06 0 1.76 78.08 46800 9999 9999
13.42 9.39 10.92 0 1.49 58.47 46800 9999 9999
15.7 9.22 11.61 3.7 2.6 108.15 46800 9999 9999
18.64 6.36 13.04 0 3.8 157.31 41400 9999 9999
21.9 17.55 19.67 0 7.67 155.69 45000 9999 9999
25.55 18.58 21.52 0 8.57 150.84 43200 9999 9999
18.99 9.96 12.38 0.5 1.11 23.4 43200 9999 9999
14.92 9.34 11.39 0 2 100.82 43200 9999 9999
25.12 9.63 16.16 0 5.37 160.28 43200 9999 9999
22.2 13.45 17.65 0 3.97 106.75 43200 9999 9999
13.3 11.25 12.21 0 0.92 34.05 41400 9999 9999
14.82 11.11 12.22 0.1 0.95 56 41400 9999 9999
14.69 10.61 12.64 6.7 1.7 68.16 43200 9999 9999
25.98 11.97 18.84 0 7.12 176.25 43200 9999 9999
23.05 5.58 14.22 18.5 2.87 7.58 37800 9999 9999
5.46 3.97 4.54 5 0.27 9.1 39600 9999 9999
4.68 3.87 4.31 3.6 0.25 16.4 43200 9999 9999
4.42 3.44 3.71 0.1 0.86 13.86 43200 9999 9999
9.05 3.09 5.63 0.1 2.56 133.25 43200 9999 9999
13.34 1.59 7.73 0 3.41 189.84 43200 9999 9999
9.3 6.38 8.05 0 2.21 33.25 41400 9999 9999
16.26 4.51 10.59 0 4.49 214.66 43200 9999 9999
14 5.64 9.62 0.4 1.97 89.6 41400 9999 9999
9.86 8.47 9.06 15.7 0.27 16.13 43200 9999 9999
9.68 8.75 9.22 3.8 0.22 11.75 54000 9999 9999
22.28 9.42 15.4 0.2 4.24 126.81 77400 9999 9999
20.08 12.19 14.06 1.1 0.75 35.16 45000 9999 9999
22.17 11.36 14.76 0.1 2 163.17 45000 9999 9999
12.96 6.84 9.49 3.7 0.51 17.91 50400 9999 9999
7.43 5.59 6.34 17.5 0.53 18.59 43200 9999 9999
6.53 5.17 5.86 16.2 0.28 27.4 43200 9999 9999
10.72 6.26 8.28 0 1.26 66.5 45000 9999 9999
17.26 3.7 10.73 0.1 3.21 228.17 45000 9999 9999
13.47 7.7 9.69 10.7 2.49 113.09 46800 9999 9999
13.96 7.63 10.57 0.3 1.69 96.2 50400 9999 9999
20.16 10.95 14.76 0 4.21 183.96 68400 9999 9999
25.65 9.3 17.49 0 7.37 266.31 75600 9999 9999
27.13 17.18 22.86 0 12.18 211.61 82800 9999 9999
24.03 16.98 19.08 2.5 4.43 19.25 55800 9999 9999
16.83 12.48 14.65 3.4 1.94 42.69 57600 9999 9999
22.9 10.66 16.41 0.2 3.66 192.14 52200 9999 9999
25.71 19.16 22.54 0 7.25 170.9 61200 9999 9999
26.62 22.34 24.08 0 8.71 102.76 45000 9999 9999
32.42 22.54 27.04 0 14.42 222.19 68400 9999 9999
23.78 13.23 17.36 12.4 1.74 43.1 43200 9999 9999
13.07 12.32 12.62 9.4 0.42 13.83 61200 9999 9999
12.85 11.84 12.25 9.3 0.64 19.43 45000 9999 9999
16.4 11.49 14.05 0 3.55 123.24 46800 9999 9999
19.1 12.43 15.34 6.8 2.28 85.55 45000 9999 9999
19.39 14.69 16.59 3.1 1.84 70.16 46800 9999 9999
23.56 12.78 18.36 0.4 5.07 226.96 46800 9999 9999
19.09 14.42 15.47 30.5 1.29 27.8 43200 9999 9999
24.56 15.81 19.7 0 4.68 113.01 45000 9999 9999
21.72 15.46 18.08 5.8 2.11 133.47 48600 9999 9999
24.41 17.01 18.85 3.9 2.09 142.74 46800 9999 9999
16.92 13.57 14.52 36 0.61 14.51 46800 9999 9999
17.4 13.16 14.48 2.9 2.26 94.48 48600 9999 9999
26.06 9.04 18.11 0 8.5 289.52 50400 9999 9999
28.88 18.35 23.67 0.1 10.19 231.6 52200 9999 9999
28.81 22 25.37 0.1 11.15 146.84 52200 9999 9999
29.39 24.32 26.75 0 13.54 217.94 50400 9999 9999
29.1 16.74 22.79 1.2 6.39 134.29 46800 9999 9999
17.97 15.11 16.27 5.1 1.38 48 50400 9999 9999
17.36 14.4 15.92 6.8 1.14 55.1 50400 9999 9999
27.46 16.02 20.97 0 4.2 212.15 54000 9999 9999
26.73 19.92 22.76 0 4.14 125.7 55800 9999 9999
20.38 14.59 17.3 0.9 1.81 47.9 45000 9999 9999
21.64 14.01 17.2 0 6.04 238.61 48600 9999 9999
27.76 12.62 20.54 0 7.84 294.99 48600 9999 9999
32.19 16.67 24.73 0 11.11 270.21 50400 9999 9999
32.14 20.74 26.57 0 13.87 245.79 52200 9999 9999
29.82 17.84 23.31 3.1 8.44 135.48 46800 9999 9999
24.68 17.7 20.53 0 8.27 225.03 46800 9999 9999
26.85 12.87 20.42 0 9.99 268.22 48600 9999 9999
25.57 16.63 21.93 0 8.68 111.74 46800 9999 9999
28.95 19.72 24.54 4.4 8.51 171.58 46800 9999 9999
27.37 21.87 24.59 1.2 7.34 127.29 46800 9999 9999
30.19 21.5 26.23 0 10.77 241.6 48600 9999 9999
31.9 25.18 28.88 0 14.7 212.74 48600 9999 9999
28.69 22.26 25.15 19.6 6.25 114.48 46800 9999 9999
23.11 20.35 21.78 0 4.31 49.42 46800 9999 9999
25.02 16.87 21 0 6.42 209.11 46800 9999 9999
20.59 17.33 19.11 1.2 2.43 52.38 41400 9999 9999
23.53 17.38 20.1 0.2 2.52 108.29 46800 9999 9999
27.78 20.2 23.09 0 3.88 99.03 46800 9999 9999
28.33 21.13 24.65 1.6 5.77 150.18 46800 9999 9999
26.64 22.32 24.25 2.7 3.63 106.55 48600 9999 9999
25.93 22.4 23.97 8.3 3.11 87.39 46800 9999 9999
22.36 19.55 21.11 126.1 0.54 13.6 46800 9999 9999
20.41 18.44 19.19 10.6 0.61 44.05 48600 9999 9999
22.86 17.98 20.09 0.1 2.77 80.63 48600 9999 9999
27.09 17.84 22.36 0 6.82 268.68 54000 9999 9999
27.55 18.42 23.32 0 7.57 204.68 55800 9999 9999
27.98 18.84 22.9 0.8 6.39 200.03 55800 9999 9999
18.74 17.71 18.39 23 0.58 18.53 54000 9999 9999
22.61 18.41 20.29 1.6 1.69 83.09 52200 9999 9999
23.98 19.5 21.56 0.8 3.09 90.51 54000 9999 9999
27.75 19.89 23.72 0 7.48 249.32 52200 9999 9999
29.06 18.07 24.07 0 8.13 262.02 52200 9999 9999
29.13 19.79 24.74 0 8.55 241.38 52200 9999 9999
26.99 20.75 23.97 0 7.07 193.93 52200 9999 9999
26.63 21.72 24.01 0.1 5.53 122.26 52200 9999 9999
30.33 20.72 25.27 0 8.57 231.59 52200 9999 9999
30.33 19.64 25.24 0 11.09 265.48 52200 9999 9999
31.15 19.11 25.28 0 15.17 280.19 55800 9999 9999
30.7 19.17 25.38 0 11.85 223.93 54000 9999 9999
29.94 22.32 25.67 0 10.31 217.89 52200 9999 9999
31.72 21.21 26.58 0 10.93 238.64 61200 9999 9999
27.25 21.85 24.49 9.6 3.93 74.88 57600 9999 9999
22.03 20.59 21.36 19.1 1.06 50.95 54000 9999 9999
27.5 20.73 23.82 0.4 5.03 159.81 54000 9999 9999
27.79 22.21 24.8 0 5.76 185.87 59400 9999 9999
29.94 22.47 26.04 0 7.63 181.68 57600 9999 9999
27.94 23.95 25.28 1.5 5.42 116.65 63000 9999 9999
28.21 20.2 23.9 15.9 3.23 144.97 64800 9999 9999
26.84 19.57 23.04 0.2 5.75 195.19 57600 9999 9999
26.46 18.78 22.47 1.9 3.19 88.61 59400 9999 9999
26.96 18.67 22.14 1.1 5.34 193.47 52200 9999 9999
30.4 18.32 24.68 0.4 10.19 290.67 52200 9999 9999
29.89 19.91 25.16 0.1 10.29 247.47 63000 9999 9999
30.44 19.04 25.22 0.1 9.24 237.36 52200 9999 9999
31.37 20.45 26.55 0 9.87 225.79 54000 9999 9999
33.59 23.74 28.09 0.1 11.35 202.55 61200 9999 9999
30.54 25 27.96 0 8.67 112.26 63000 9999 9999
34.04 24.98 28.71 0 12.72 234.91 63000 9999 9999
30.55 27.08 28.5 0.1 13.24 130.11 52200 9999 9999
32.96 26.2 29.61 0 15.78 209.13 52200 9999 9999
33.48 24.11 28.63 0.4 12.27 216.36 57600 9999 9999
30.89 22.6 28.15 0 11.86 132.63 55800 9999 9999
32.12 28.67 30.08 0.1 16.25 207.04 57600 9999 9999
29.22 25.41 27.69 4.1 9.05 74.78 68400 9999 9999
30.18 24.75 27.55 0.5 9.22 122.8 68400 9999 9999
33.23 26.68 29.38 0 15.01 233.38 54000 9999 9999
33.72 26.47 30.21 0 19.14 292.8 54000 9999 9999
34.64 27.01 30.72 0 20.28 285.98 52200 9999 9999
34.94 27.54 31.12 0 20.88 277.02 52200 9999 9999
35.64 26.8 31.45 0 21.9 285.87 52200 9999 9999
35.05 27.98 31.57 0 21.85 257.83 52200 9999 9999
34.89 28.68 31.67 0 21.72 256.32 52200 9999 9999
33.94 24.11 28.72 2.4 13.98 168.42 61200 9999 9999
34.03 23.72 27.19 0 10.06 195.45 61200 9999 9999
35.44 23.13 30.1 0 18.82 270.15 59400 9999 9999
34.84 27.69 31.54 0 22.97 271.78 50400 9999 9999
35.31 27.63 31.31 0 23 303.68 50400 9999 9999
35.44 27.37 31.3 0 21.52 291.17 52200 9999 9999
35.24 27.63 31.31 0 20.55 289.11 52200 9999 9999
36.84 28.06 32.26 0 23.76 275.29 50400 9999 9999
39.2 27.03 33.52 0 29.58 295.86 50400 9999 9999
39.81 26.81 33.81 0 30.79 286.16 52200 9999 9999
39.91 27.81 33.72 0 31.37 292.09 52200 9999 9999
38.63 29.16 33.78 0 30.42 264.17 50400 9999 9999
35.74 27.96 31.8 0 21.39 189.21 57600 9999 9999
36.94 28.67 32.04 0 24.14 231.74 63000 9999 9999
35.37 28.31 31.63 0 22.25 183.17 52200 9999 9999
35.69 27.15 31.38 0 21.12 183.85 52200 9999 9999
38.5 26.82 32.7 0 27.63 299 50400 9999 9999
38.88 26.66 32.48 0.1 23.92 287.86 63000 9999 9999
35.77 25.91 30.44 1.4 18.12 205.84 59400 9999 9999
34.29 25.83 30.21 0 16.49 175.61 61200 9999 9999
36.03 27.47 31.74 0 22.2 265.58 50400 9999 9999
39.15 24.99 32.48 0 26.38 306.56 54000 9999 9999
39.18 26.57 32.87 0 27.45 270.8 55800 9999 9999
37.66 27.78 32.92 0 25.77 212.78 50400 9999 9999
38.57 28.41 33.68 0 29.16 255.5 50400 9999 9999
39.06 29.17 33.95 0 30.34 248.76 50400 9999 9999
38.4 29.27 33.65 0 29.05 213.77 52200 9999 9999
39.07 26.88 32.03 0.7 23.49 220.49 52200 9999 9999
38.84 25.88 32.42 0 24.49 267.06 57600 9999 9999
36.53 26.56 30.39 6.3 15.62 238.66 61200 9999 9999
31.73 24.23 27.39 1.4 8.83 169.5 59400 9999 9999
34.57 24.1 28.54 4 11.71 213.57 68400 9999 9999
35.75 25.28 30.37 0 16.68 242.54 55800 9999 9999
36.5 27.24 31.83 0 21.16 257.5 50400 9999 9999
36.79 28.05 32.19 0 20.85 225.06 50400 9999 9999
37.91 25.1 30.65 9.9 17.07 214.02 63000 9999 9999
33.14 23.15 27.74 32 8.01 181.85 70200 9999 9999
32.49 23.64 27.28 0 7.43 192.42 59400 9999 9999
32.76 24.55 28.12 2.1 9.2 196.18 63000 9999 9999
29.56 25.15 26.59 23.3 3.34 150.69 72000 9999 9999
31.28 24.84 27.22 0.2 5.64 172.85 59400 9999 9999
27.53 24.41 25.91 29.2 2.03 65.21 52200 9999 9999
24.16 22.9 23.51 21.1 1.12 34.38 73800 9999 9999
26.14 22.49 24 0.9 2 49.69 59400 9999 9999
31.85 24.17 27.54 0 7.86 214.48 52200 9999 9999
31.19 23.96 26.51 3.6 5.16 130.62 66600 9999 9999
28.48 23.74 26.06 0.3 4.43 98.89 59400 9999 9999
33.08 24.67 28.18 8.1 10.42 207.84 63000 9999 9999
34.16 23.83 28.11 0.3 9.48 274.66 57600 9999 9999
36.14 23.78 29.91 0 15.85 273.45 54000 9999 9999
32.55 25.15 28.66 0 14.47 226.13 50400 9999 9999
33.32 23.82 28.57 0 12.52 203.12 50400 9999 9999
34.4 25.93 30.36 0 18.72 288.53 48600 9999 9999
34.83 25.88 30.64 0 18.1 256.49 52200 9999 9999
35.6 26.48 30.97 0 21.21 273.85 48600 9999 9999
36.06 25.79 31.13 0 21.81 271.49 48600 9999 9999
33.16 24.02 28.5 0 10.9 240.42 52200 9999 9999
31.36 24.37 27.23 0 7.4 196.8 48600 9999 9999
30.15 23.51 26.24 9 6.15 73.03 72000 9999 9999
33.86 23.69 27.85 4.5 10.61 234.97 72000 9999 9999
32.65 22.95 27.17 0.2 7.41 251.7 48600 9999 9999
34.76 24.58 28.19 3.8 10.9 254.64 61200 9999 9999
35.01 23.27 29.37 0 14.45 251.35 66600 9999 9999
34.65 25.68 29.7 0 16.86 249.1 50400 9999 9999
32.96 23.31 28.12 0 10.52 193.76 50400 9999 9999
31.45 24.52 27.4 0 8.62 207.13 52200 9999 9999
25.38 21.16 23.43 0.2 6 70.24 48600 9999 9999
28.37 20.19 24.03 0 9.99 195.12 52200 9999 9999
30.01 18.66 24.41 0 12.52 261.16 45000 9999 9999
32.21 18.8 25.82 0 14.97 243.4 46800 9999 9999
33.54 20.97 25.66 5.9 10.76 215.18 54000 9999 9999
26.45 22.62 24.3 13.7 2.1 93.48 50400 9999 9999
27.97 23.41 25.07 1.3 3.17 104.03 55800 9999 9999
32.9 22.52 27.69 0.1 11.59 210.62 48600 9999 9999
33.93 24.09 28.81 0 14.31 253.33 54000 9999 9999
33.96 24.47 27.83 0 9.71 191.12 57600 9999 9999
25.43 19.9 22.27 2.8 1.85 22.61 64800 9999 9999
20.08 17.33 18.46 0.8 2.11 21.41 75600 9999 9999
21.72 16.61 19.23 0 4.09 66.45 48600 9999 9999
26.09 14.94 20.31 0 6.31 208.39 45000 9999 9999
28.92 17.49 23.49 0 9.93 253.55 50400 9999 9999
30.4 17.61 24.24 0 12.62 240.95 45000 9999 9999
30.91 16.8 24.04 0 13.28 240.39 48600 9999 9999
32.15 18.75 25.19 0 15.08 220.74 52200 9999 9999
32.44 21.16 26.24 0 15.2 220.73 57600 9999 9999
30.84 19.35 25.31 0 13.16 209.21 45000 9999 9999
30.85 18.86 24.78 0 13.11 209.31 48600 9999 9999
32.55 18.68 25.82 0 15.05 205.6 46800 9999 9999
30.98 20.12 25.41 0 11.63 195.14 45000 9999 9999
21.41 16.49 18.43 0 3 14.76 48600 9999 9999
17.28 15.68 16.47 0.9 1.17 23.19 70200 9999 9999
17.82 16.02 16.92 0.3 1.38 25.01 52200 9999 9999
17.97 15.23 16.45 0.1 2.15 39.7 45000 9999 9999
19.67 15.39 17.48 0 3.38 61.21 50400 9999 9999
22.63 17.17 19.53 0 4.73 98.8 45000 9999 9999
29.16 16.72 22.49 0 7.01 162.88 45000 9999 9999
30.65 20.52 25.8 0 11.55 165.57 55800 9999 9999
31.79 24.23 28.15 0 15.44 193.08 54000 9999 9999
30.32 15.69 24.49 6 8.63 101.36 46800 9999 9999
15.46 12.35 13.34 6.4 1.15 23.06 64800 9999 9999
13.93 12.07 12.92 0.5 1.68 23.62 50400 9999 9999
21.12 13.06 16.46 0 7.63 206.46 43200 9999 9999
23.17 12.33 17.68 0 11.1 220.78 48600 9999 9999
23.11 10.05 17.14 0 9.89 201.9 43200 9999 9999
24.14 10.22 17.63 0 9.74 206.58 43200 9999 9999
23.43 11.41 17.68 0 9.02 193.96 43200 9999 9999
23.72 12.04 18.17 0 9.45 179.58 43200 9999 9999
24.76 11.63 18.15 0 9.31 176.18 45000 9999 9999
26.21 10.97 18.73 0 11.99 199.04 43200 9999 9999
23.77 12.83 17.95 0 11.68 195.3 43200 9999 9999
24.32 8.97 16.88 0 11.05 194.15 46800 9999 9999
25.98 10.44 18.41 0 12.49 200.79 43200 9999 9999
26.82 11.15 18.95 0 12.21 196.56 50400 9999 9999
26.48 14.44 20.32 0 12.34 120.72 54000 9999 9999
27.44 13.58 20.44 0 10.97 171.04 48600 9999 9999
28.04 12.72 20.49 0 12.04 177.36 43200 9999 9999
26.75 13.76 20.59 0 11.48 154.41 48600 9999 9999
26.74 15.23 20.76 0 11.86 150.24 55800 9999 9999
28.11 14.54 20.82 0 12.71 164.3 46800 9999 9999
29.31 13.16 21.13 0 13.31 183.25 46800 9999 9999
27.28 13.89 20.28 0 10.37 159.45 43200 9999 9999
24.74 13.84 18.86 0 7.57 154.13 43200 9999 9999
29.96 14.27 21.84 0 11.7 152.51 43200 9999 9999
31.11 16.62 23.85 0 14.99 159.63 50400 9999 9999
31.07 21.4 25.99 0 18.31 187.42 48600 9999 9999
21.19 8.71 13.58 0 3.42 16.8 50400 9999 9999
8.94 7.42 8.13 1.3 0.58 17.28 45000 9999 9999
8.46 6.07 7.58 0.3 0.71 13.01 52200 9999 9999
8.84 5.87 7.45 0.3 1.9 45.65 50400 9999 9999
13.92 5.43 9.31 0 4.39 165.2 45000 9999 9999
16.5 2.16 9.6 0 4.98 172.29 41400 9999 9999
24.5 6.35 15.23 0 8.19 174.05 45000 9999 9999
24.18 12.08 17.86 0 8.68 156.63 45000 9999 9999
21.58 12.07 16.48 0 7.35 149.83 41400 9999 9999
20.87 13.01 16.81 0.1 7.3 126.67 43200 9999 9999
19.3 13.94 16.09 2.3 2.32 62.37 66600 9999 9999
20.5 15.27 17.67 0.2 2.14 68.75 46800 9999 9999
17.41 12.19 14.89 16.6 0.77 11.73 50400 9999 9999
13.06 11.19 12.15 0.35 3.09 28.88 54000 9999 9999
14.65 8.08 10.99 0 4.32 143.34 43200 9999 9999
17.84 5.92 11.91 0 3.95 152.61 41400 9999 9999
21.18 10.02 15.28 0 5.42 143.18 54000 9999 9999
19.2 11.45 15.18 0 5.23 137.67 41400 9999 9999
15.58 9.71 12.7 0 2.98 69.89 39600 9999 9999
11.94 9.19 10.55 0 2.39 33.08 39600 9999 9999
9.51 8.48 9.17 0 1.84 13.7 41400 9999 9999
10.72 4.17 8.6 0 2.63 40.3 39600 9999 9999
11.86 0.2 5.99 0 2.34 127.36 43200 9999 9999
15.09 1.14 7.97 0 3.95 166.1 41400 9999 9999
14.38 2.75 9.5 0 4.66 145.04 41400 9999 9999
16.73 8.32 11.95 0 6.29 137.92 39600 9999 9999
22.58 5.07 13.48 0 8.04 152.54 39600 9999 9999
20.81 7.52 14.01 0 6.14 145.29 39600 9999 9999
11.11 8.45 9.38 0 1.66 16.37 41400 9999 9999
8.35 6.42 7.15 0.1 1.23 8.55 46800 9999 9999
8.43 5 7.26 3.1 1.91 28.1 43200 9999 9999
7.22 5.04 6.09 3.2 1.26 27.33 46800 9999 9999
6.1 4.29 5.2 7.5 1.08 22.72 39600 9999 9999
6.28 2.53 5.33 1.9 0.66 20.36 41400 9999 9999
9.31 2.58 5.47 0 2.33 133.55 43200 9999 9999
9.92 0.06 4.97 0 2.59 145.16 41400 9999 9999
11.21 -0.06 5.49 0 3.68 154.09 39600 9999 9999
11.66 -0.48 5.67 0 3.65 152.35 41400 9999 9999
11.72 0.08 5.74 0 3.73 148.9 39600 9999 9999
11.73 1.5 6.21 0 3.2 138.09 41400 9999 9999
10.76 1.15 6.73 0 4.17 108.97 41400 9999 9999
8.48 2.03 5.31 0 5.02 141.72 39600 9999 9999
8.83 -1.31 3.43 0 4.59 159.34 39600 9999 9999
10.82 -2.03 4.55 0 4.77 152.56 41400 9999 9999
14.68 0.32 7.21 0 5.85 145.9 41400 9999 9999
17.98 1.64 9.48 0 6.73 145.98 43200 9999 9999
19.13 4.38 11.98 0 7.54 132.32 41400 9999 9999
17.23 7.43 11.66 0 6.59 102.2 50400 9999 9999
11.23 4.52 8.16 0 6.51 118.55 39600 9999 9999
10.23 -0.43 4.78 0 5.27 157.19 39600 9999 9999
15.11 -2.33 6.65 0 5.71 143.56 43200 9999 9999
16.5 3.21 9.78 0 6.19 136.02 39600 9999 9999
13.84 3.13 9.14 0 5.12 100.02 37800 9999 9999
12.59 2.68 8.12 0 4.26 142.83 39600 9999 9999
11.35 0.3 6.3 0 2.43 74.22 41400 9999 9999
10.23 5.57 7.72 0.2 2.21 60.34 46800 9999 9999
12.69 5.16 8.44 0 3.16 69.17 45000 9999 9999
13.01 4.14 8.47 0 3.44 112.73 45000 9999 9999
14.57 5.12 9.34 0 2.54 105.11 45000 9999 9999
13.17 8.21 10.4 0 2.83 59.93 50400 9999 9999
14.46 8.88 11.17 0 3.53 113.25 43200 9999 9999
10.01 8.36 9.24 0 1.65 17.06 52200 9999 9999
10.25 7.87 9.1 0 1.51 24.35 39600 9999 9999
9.63 7.41 8.68 3.4 0.83 13.74 43200 9999 9999
7.2 4.88 5.36 0.4 0.53 11.09 46800 9999 9999
6.2 2.49 5.21 0 1.16 28.03 39600 9999 9999
8.32 -0.76 3.83 0.1 1.23 95.6 48600 9999 9999
10.93 4.88 7.41 0 2.28 77.99 55800 9999 9999
7.82 5.7 6.76 11.6 0.48 16.25 39600 9999 9999
6.56 4.73 5.71 14.1 0.81 18.01 39600 9999 9999
6.68 4.08 5.47 0.1 1.55 38.18 48600 9999 9999
5.54 2.53 3.74 6.5 0.44 10.18 57600 9999 9999
4.41 2.04 3.07 0.3 1.45 47.28 55800 9999 9999
3.25 0.64 2.27 0.4 1.23 23.78 46800 9999 9999
5.51 -2.05 1.05 0.1 1.09 79.35 43200 9999 9999
7.19 -2.86 2.36 0 2.64 137.95 39600 9999 9999
6.05 2.23 4.21 0 2.71 39.7 39600 9999 9999
6.39 -0.49 2.52 0 4.33 184.78 39600 9999 9999
3.83 -0.84 1.5 0 3.66 83.28 39600 9999 9999
2.56 0.37 1.58 0.1 2.34 21.73 46800 9999 9999
6.46 0.3 3.49 0 3.52 92.1 43200 9999 9999
6.58 1.94 4.42 0.3 2.49 51.97 52200 9999 9999
6.29 4.19 5.21 2.5 0.49 20.74 46800 9999 9999
10.39 5.79 7.72 0 1.55 65.14 54000 9999 9999
12.02 5.74 8.88 5.3 1.46 59.82 45000 9999 9999
9.23 7.23 8.46 6.7 0.49 18.93 55800 9999 9999
7.2 2.69 4.87 9.9 0.39 8.86 46800 9999 9999
2.56 -0.2 1.07 4.3 0.42 24.24 66600 9999 9999
1.9 -0.35 0.7 0.1 0.32 13.7 48600 9999 9999
9.75 0.33 4.35 0.6 2.16 122.45 54000 9999 9999
12.14 3.27 7.8 0 5.6 157.18 41400 9999 9999
7.06 -0.27 3.12 5.9 1.69 22.61 43200 9999 9999
2.5 -0.29 0.76 9.4 0.27 50.94 46800 9999 9999
8.04 0.25 3.32 4 1.44 136.71 54000 9999 9999
15.51 -1.41 6.77 0.1 3.59 214.43 43200 9999 9999
18.99 2.88 11.59 0 5.97 196.26 46800 9999 9999
17.63 10.47 13.97 0 6.8 143.43 57600 9999 9999
18.8 6.36 12.31 0 7.21 172.12 46800 9999 9999
21.52 3.69 13.01 0 9.28 211.09 45000 9999 9999
23.88 5.02 14.37 0 10.21 191.8 43200 9999 9999
25.15 8.52 16.89 0 11.42 183.81 55800 9999 9999
20.36 11.02 16.22 0 8.17 133.26 54000 9999 9999
15.28 9.7 12.44 1.4 2.58 41.01 59400 9999 9999
20.99 7.77 13.27 0.2 2.86 138.93 55800 9999 9999
26.57 9.73 19.4 0 9.77 180.93 45000 9999 9999
25.95 17.21 22.19 1.4 11.31 113.49 48600 9999 9999
16.26 9.12 13.36 0.2 4.03 106.93 54000 9999 9999
16.85 5.12 10.72 5.3 3.49 183.76 50400 9999 9999
9.8 7.76 8.89 19.6 0.44 24.22 63000 9999 9999
13.53 9.24 11.09 0 1.85 64.04 61200 9999 9999
17.47 5.55 11.55 0.1 3.19 176.92 55800 9999 9999
21.55 11.71 16.07 0.1 5.04 172.54 63000 9999 9999
24.08 15.67 21.24 0 10.33 83.23 48600 9999 9999
18.68 9.56 15.71 0.9 1.88 92.52 50400 9999 9999
8.89 5.78 6.68 21.2 0.59 13.5 66600 9999 9999
5.77 5.14 5.39 5.8 0.42 7.64 61200 9999 9999
12.24 5.68 8.15 0.1 2.64 119.86 61200 9999 9999
14.84 1.22 8.32 0 5.02 210.84 43200 9999 9999
19.32 3.83 12.03 0 7.69 216.4 45000 9999 9999
16.29 8.13 12.67 0 8.48 157.6 43200 9999 9999
12.65 8.05 10.25 0 7.1 134.59 43200 9999 9999
15.81 5.45 10.79 0 7.89 171.89 52200 9999 9999
24.01 3.98 14.78 0 11.52 237.19 46800 9999 9999
26.91 16.58 21.43 0 15.4 198.72 46800 9999 9999
26.08 15.71 21.22 0 11.61 168.81 43200 9999 9999
15.09 8.38 10.47 0 3.45 24.53 48600 9999 9999
12.1 8.29 10.21 0 2.38 55.56 57600 9999 9999
17.68 10.45 13.03 0 3.57 117.82 46800 9999 9999
24 8.79 16.66 0 6.76 215.52 46800 9999 9999
22.03 15.65 19.95 2.5 5.95 34.16 68400 9999 9999
26.2 9.61 19.1 13.4 5.39 110.29 63000 9999 9999
10.04 7.41 8.75 16.3 0.92 30.51 50400 9999 9999
9.88 7.92 8.94 11.3 0.55 27.84 57600 9999 9999
10.55 9.16 9.71 1 0.55 22.1 48600 9999 9999
9.2 8.48 8.79 1.4 0.67 22.73 46800 9999 9999
10.12 8.27 9.15 2.1 1.87 35.2 50400 9999 9999
8.58 7.53 8.14 34.5 0.45 18.83 52200 9999 9999
9.1 8.54 8.81 15.2 0.37 9.65 46800 9999 9999
9.62 8.75 9.11 24.6 0.41 12.37 46800 9999 9999
10.63 8.51 9.53 0 1 22.99 68400 9999 9999
14.16 9.38 11.49 0 2.54 72.89 54000 9999 9999
19.37 8.27 14.49 0 5.19 220.5 46800 9999 9999
17.79 12.41 15.55 0 3.42 53.87 48600 9999 9999
23.12 11.25 17.36 0 6.66 217.2 46800 9999 9999
17.3 13.89 15.32 8.4 1.36 16.07 66600 9999 9999
20.12 14.64 16.9 14.7 2.64 93.01 57600 9999 9999
23.66 9.73 17.12 0 6.08 224.89 50400 9999 9999
27.03 13.25 20.14 0 12.3 252.82 57600 9999 9999
19.48 9.63 14.91 0 6.46 246 46800 9999 9999
26.57 10.39 18.54 1.3 8.71 192.38 55800 9999 9999
24.2 16.12 19.31 5.4 4.12 125.79 54000 9999 9999
19.66 10.63 15.16 34.5 1.44 14.63 64800 9999 9999
15.05 10.02 11.91 0 3.34 109.73 46800 9999 9999
21.56 8.01 15.39 0 6.05 249.37 50400 9999 9999
24.25 16.63 20.86 0 7.87 122.79 64800 9999 9999
28.27 19.72 23.4 17.5 8.73 155.22 81000 9999 9999
26.77 19.2 22.5 11.8 5.43 173.85 68400 9999 9999
22.09 19.52 20.57 12.6 1.68 48.87 63000 9999 9999
20.47 17.35 18.89 0 4.87 77.14 59400 9999 9999
18.21 14.23 16.12 2.6 2.36 70.64 54000 9999 9999
19.93 13.25 16.83 0 3.05 85.85 55800 9999 9999
20.8 15.51 17.61 18 2.53 68.1 57600 9999 9999
27.01 15.61 20.57 0.5 9.26 280.06 61200 9999 9999
31.94 14.24 23.36 0 17.22 274.44 59400 9999 9999
33.72 16.58 25.44 0 20.92 283.4 55800 9999 9999
32.82 24.4 28.39 0 20.14 244.4 48600 9999 9999
33.6 24.19 28.13 0 15.73 246.32 50400 9999 9999
29.12 19.61 24.24 16.5 6.1 141.27 66600 9999 9999
19.75 14.33 15.42 18 0.7 15.32 81000 9999 9999
24.29 14.15 18.01 17.5 2.6 102.9 63000 9999 9999
26.1 18.43 21.74 38.3 4.43 32.43 68400 9999 9999
25.24 14.46 20.11 0.1 6.02 246.04 48600 9999 9999
30.27 14.01 22.56 0 11.23 274.97 54000 9999 9999
28.91 24.6 26.37 0 12.97 164.2 48600 9999 9999
28.72 20.52 23.87 36.7 7.05 104.67 52200 9999 9999
23.4 20.11 21.31 0.5 1.98 58.58 48600 9999 9999
30.82 20.23 25.7 0.1 11.23 213.83 52200 9999 9999
30.92 13.97 23.92 7.4 10.72 182.64 59400 9999 9999
14.34 11.55 13.06 4.1 1.52 42.54 57600 9999 9999
22.17 8.96 15.76 1.1 7.39 295.22 48600 9999 9999
22.75 11.92 17.62 0 7.44 138.4 63000 9999 9999
19.72 16.18 17.82 20.36 2.37 54.09 72000 9999 9999
23.37 17.39 19.32 7.84 3.09 101.21 48600 9999 9999
31.57 14.44 23.5 0.9 13.35 298.33 50400 9999 9999
34.38 19.48 27.38 0.4 21.27 297.38 52200 9999 9999
32.81 22.75 28.42 0.2 17.59 256.68 66600 9999 9999
29.27 21.11 25.38 19.21 8.68 59.4 64800 9999 9999
23.57 19.84 21.37 0.95 3.61 65.91 59400 9999 9999
26.29 19.54 22.79 0.62 4.05 102.43 61200 9999 9999
29.84 20.13 24.95 26.18 6.78 127.61 77400 9999 9999
20.16 17.9 19.07 16.87 1.14 47.08 68400 9999 9999
25.95 17.65 21.19 0.2 6.67 235 61200 9999 9999
27.06 17.81 22.99 0.2 10.46 254.45 57600 9999 9999
23.09 17.15 20.35 0.62 4.87 150.4 63000 9999 9999
26.64 18.49 22.74 0.1 8.08 188.33 52200 9999 9999
29.8 20.02 24.7 0.1 12.34 247.49 54000 9999 9999
30.61 18.63 25.34 0.1 13.79 277.81 55800 9999 9999
32.12 19.92 26.15 0.1 13.36 266.83 54000 9999 9999
31.41 19.62 25.8 0.2 12.24 233.19 61200 9999 9999
33.84 21.13 27.61 0.2 15.11 260.71 54000 9999 9999
33.83 24.24 29.12 0.2 17.25 251.84 59400 9999 9999
33.52 25.22 29.58 0.2 16.9 248.35 57600 9999 9999
34.32 23.86 28.27 23.24 12.71 230.08 66600 9999 9999
32.73 23.4 27.12 0.3 9.27 218.55 61200 9999 9999
32.03 23.11 25.62 51.73 6 171.34 64800 9999 9999
23.25 18.62 19.52 26.37 1.13 35.56 68400 9999 9999
22.12 17.76 19.85 1.67 2.45 55.41 63000 9999 9999
25.72 19.66 22 0.82 5.09 171.3 61200 9999 9999
28.93 18.82 23.89 0.4 6.76 230.17 55800 9999 9999
32.01 21.49 25.79 0.4 7.69 240.4 54000 9999 9999
26.69 20.15 22.8 7.35 3.13 72.29 54000 9999 9999
20.99 18.39 19.56 0.4 3.02 61.75 52200 9999 9999
24.82 18.22 20.98 0.62 4.63 162.45 59400 9999 9999
28.68 17.11 23.32 0.3 9.22 290.16 54000 9999 9999
28.73 18.15 23.83 0.2 10.1 278.34 52200 9999 9999
28.99 18.47 24.32 0.2 10.8 284.04 54000 9999 9999
29.49 20.29 25.02 0.3 9.96 227.89 54000 9999 9999
30.41 19.46 25.64 0.2 11.08 259.27 50400 9999 9999
28.75 21.49 24.98 0.2 9.86 138.91 57600 9999 9999
32.87 22.21 27.53 0.1 12.85 210.04 57600 9999 9999
32.04 24.11 28.05 0.52 13.96 173.7 72000 9999 9999
24.17 20.8 21.9 39.67 1.35 26.98 68400 9999 9999
29.5 21.16 24.87 0.2 6.23 187.63 59400 9999 9999
31.98 22.74 28.49 0.3 12.87 219.61 61200 9999 9999
29.85 22.67 25.64 4.41 5.95 70.74 61200 9999 9999
28.39 21.87 25.05 1.05 6.23 170.36 66600 9999 9999
28.64 23.6 26.12 0.2 5.62 118.46 54000 9999 9999
26.15 23.24 24.21 69.79 2.22 32.69 64800 9999 9999
31.7 22.96 27.55 0.2 9.36 166.7 63000 9999 9999
32.12 25.93 29.48 0.2 14.23 216.63 59400 9999 9999
32.25 25.65 28.68 0.2 10.18 165.12 52200 9999 9999
34.49 24.85 28.59 0.2 10.1 254.21 52200 9999 9999
34.81 24.84 28.51 1.46 9.56 276.91 54000 9999 9999
34.97 23.7 29.25 0.2 12.24 300.01 52200 9999 9999
34.63 25.07 29.08 0.1 10.27 231.07 54000 9999 9999
34.82 24.32 28.47 0.1 9.72 280.27 55800 9999 9999
34.74 24.29 29.73 0.1 12.64 287.53 54000 9999 9999
33.43 25.7 28.56 0.1 8.76 230.13 57600 9999 9999
33.66 25.37 28.93 0.1 12.81 267.15 70200 9999 9999
34.02 23.17 28.54 0 13.63 265.65 55800 9999 9999
31.84 24.28 26.89 10.9 7.99 144.12 61200 9999 9999
29.58 21.83 24.8 50.08 3.68 128.67 72000 9999 9999
28.79 22.5 24.78 27.03 4.44 163.19 57600 9999 9999
32.92 21.37 27.12 0 10.99 275.31 52200 9999 9999
32.54 23.43 26.64 0.5 8.52 189.65 57600 9999 9999
32.91 22.86 28.43 0 14.98 287.7 55800 9999 9999
31.77 25.89 28.88 0 15.82 225.54 50400 9999 9999
27.88 24.75 26.64 0.9 10.74 117.92 70200 9999 9999
30.9 23.49 27.15 0 11.93 237.81 52200 9999 9999
31.09 23.59 26.44 0.8 9.05 188.2 55800 9999 9999
33.63 22.86 27.86 0 10.97 259.78 54000 9999 9999
33.09 26.24 29.16 0 16.92 278.03 55800 9999 9999
29.82 24.78 27.16 0 12.16 256.07 52200 9999 9999
31.59 25.91 28.69 0 15.82 263.28 52200 9999 9999
33.49 26.75 29.17 0 16.8 287.59 50400 9999 9999
31.46 24.09 27.49 2.1 11.38 214.82 63000 9999 9999
34.37 24.82 29.5 0 16.47 300.89 55800 9999 9999
34.65 24.35 29.71 0 16.31 295.11 61200 9999 9999
34.94 24.73 28.61 0 12.9 253.77 61200 9999 9999
35.45 24.11 29.72 0 16.75 285.12 59400 9999 9999
34.55 25.11 28.09 2.9 12.51 224.04 70200 9999 9999
34.51 23.74 29.12 0 16.92 288.81 61200 9999 9999
32.86 24.57 27.57 5.3 10.5 185.24 66600 9999 9999
32.9 24.86 27.8 2.6 10.74 207.83 79200 9999 9999
31.03 24.99 27.55 0.1 9.85 229.32 50400 9999 9999
31.15 24.89 27.01 0 9.88 179.3 52200 9999 9999
34.21 23.21 28.26 0 13.55 303.08 54000 9999 9999
35.71 23.38 29.72 0 17.97 299.08 59400 9999 9999
34.91 23.74 29.54 0 16.13 291.45 59400 9999 9999
36.55 25.29 29.97 0 18.21 267.17 54000 9999 9999
33.98 23.82 26.43 3.6 8.51 208.98 66600 9999 9999
32.37 23.2 26.86 12.9 8.74 225.14 64800 9999 9999
33.15 23.43 28.29 0 11.94 210.84 66600 9999 9999
34.83 23.83 29.47 0 14.87 257.52 54000 9999 9999
36.73 24.48 30.47 0 16.73 268.95 52200 9999 9999
37.08 25.15 31.15 0 19.28 279.75 57600 9999 9999
36.37 25.01 28.87 1.1 13.24 240.96 57600 9999 9999
35.23 21.92 27.11 58.6 9.54 245.01 72000 9999 9999
30.81 21.58 25.17 0.2 5.31 172.8 73800 9999 9999
32.31 24.99 28.51 0 10.22 132.83 54000 9999 9999
28.61 23.02 25.31 32.9 4.37 43.8 72000 9999 9999
31.38 22.84 26.88 25.6 7.52 181.1 52200 9999 9999
33.15 24.16 28.37 0 10.3 251.35 54000 9999 9999
30.82 24.82 27.22 0 7.84 167.37 48600 9999 9999
28.04 23.41 25.39 0 7.97 158.57 50400 9999 9999
28.88 22.99 25.39 0 7.2 151.4 48600 9999 9999
31.77 21.75 26.82 0 9.44 271.29 50400 9999 9999
32.94 23.72 28.26 0 11.75 229.57 54000 9999 9999
33.18 25.35 28.18 0 11.3 219.45 52200 9999 9999
30.57 24.82 27.02 0 7.09 165.85 48600 9999 9999
28.46 23.87 25.85 0 6.13 90.7 48600 9999 9999
30.66 23.14 27.02 0 11.49 214.91 48600 9999 9999
27.24 24.53 25.93 13.1 5.46 42.63 55800 9999 9999
32.26 24.25 26.87 14.6 5.59 158.16 64800 9999 9999
31.48 24.2 27.62 0.2 7.97 187.94 59400 9999 9999
30.82 24.96 27.17 6 7.14 181.78 63000 9999 9999
30.44 24.38 26.17 28.5 4.32 144.67 52200 9999 9999
31.89 23.9 27.27 0 7.14 184.73 52200 9999 9999
28.61 24.44 25.93 44.1 3.37 85.8 61200 9999 9999
30.5 24.23 26.36 0.4 4.62 154.63 48600 9999 9999
33.56 23.29 26.51 29.6 7.06 228.73 61200 9999 9999
32.86 22.95 26.95 0 7.82 267.38 52200 9999 9999
31.07 24.14 26.68 0.1 6.02 182.81 57600 9999 9999
29.54 24.07 26.34 0.1 6.13 143.87 48600 9999 9999
27.65 23.22 25.03 0.1 5.37 125.71 48600 9999 9999
23.07 18.5 21.32 0.6 4.52 25.84 46800 9999 9999
18.66 17.37 18.07 6.6 0.99 28.79 57600 9999 9999
21.77 18.61 20.11 0.5 2.71 42.45 63000 9999 9999
25.1 19.33 21.95 0 6.23 108.31 52200 9999 9999
26.91 17.95 22.15 0 9.91 220.04 45000 9999 9999
27.12 15.96 21.74 0 8.72 233.19 45000 9999 9999
27.61 17.99 22.9 0 8.31 205.73 54000 9999 9999
28.87 18.73 23.89 0 8.59 235.87 46800 9999 9999
30.64 19.12 24.97 0 9.33 221.39 46800 9999 9999
31.63 22.64 27 0 10.11 195.76 57600 9999 9999
31.63 22.93 26.54 2 8.71 183.74 57600 9999 9999
32.66 21.76 26.32 0.1 8.61 185.81 46800 9999 9999
32.65 22.85 26.29 0 10.45 223.68 57600 9999 9999
23.04 19.07 20.27 1.4 2.06 28.96 61200 9999 9999
24.58 18.31 20.95 0.1 5.86 156.59 48600 9999 9999
25.84 16.16 21.01 0 7.17 231.97 45000 9999 9999
27.21 14.93 21.6 0 8.03 241.22 45000 9999 9999
28.01 16.41 22.58 0 9.09 241.09 45000 9999 9999
27.84 15.72 22.44 0 8.94 234.79 45000 9999 9999
26.65 19.34 23.09 0 7.47 132.9 48600 9999 9999
27.01 21.41 23.75 0 8.54 151.66 46800 9999 9999
29.52 18.37 23.84 0 9.52 209.88 48600 9999 9999
32.29 19.08 25.61 0 11.15 204.68 52200 9999 9999
25.29 15.33 19.83 0.6 4.07 29.61 52200 9999 9999
20.64 13.05 16.38 0 10 244.44 45000 9999 9999
21.6 9.5 15.26 0 8.79 239.6 45000 9999 9999
23.19 12 17.42 0 9.84 228.41 45000 9999 9999
23.84 10.33 17.68 0 9.03 227.37 45000 9999 9999
22.86 14.8 18.93 0 9.31 165.64 52200 9999 9999
24.69 16.71 20.3 0 10.03 171.68 48600 9999 9999
25.43 12.69 19.26 0 9.2 195 43200 9999 9999
25.77 12.09 19.22 0 9.45 194.53 45000 9999 9999
26.48 11.72 19.43 0 11.45 217.24 43200 9999 9999
26.75 15.16 20.9 0 12.81 175.39 57600 9999 9999
25.17 14.05 19.93 0 8.7 170.25 45000 9999 9999
25.94 14.14 20.4 0 8.86 170.42 43200 9999 9999
25.38 16.36 20.51 0 8.74 163.01 43200 9999 9999
25.16 14.56 20.01 0 10.46 173.85 45000 9999 9999
25.2 12.45 19.61 0 10.04 187.86 43200 9999 9999
25.78 14.16 19.85 0 10.94 197.71 43200 9999 9999
24.05 14.7 18.99 0 9.81 179.68 43200 9999 9999
21.8 14.45 18.26 0 6.7 113.8 43200 9999 9999
23.56 14.99 19.44 0 8.28 160.41 46800 9999 9999
24.44 11.81 18.44 0 8.86 180.93 43200 9999 9999
23.6 12.49 18.26 0 8.54 171.94 43200 9999 9999
23.39 12.81 18.09 0 7.26 158.27 43200 9999 9999
24.32 12.94 18.69 0 7.8 166.44 43200 9999 9999
23.51 15.81 19.58 0 8.86 93.86 43200 9999 9999
22.49 15.65 18.32 0 8.25 105.3 45000 9999 9999
20.15 12 15.5 0 5.68 156.12 43200 9999 9999
22.38 9.45 15.97 0 6.75 169.48 45000 9999 9999
24.76 11.12 17.83 0 7.87 171.46 43200 9999 9999
25.21 12.43 18.97 0 7.77 158.82 43200 9999 9999
21.93 13.7 18.18 0 4.89 97.08 43200 9999 9999
22.93 14.06 18.48 0.4 7.68 119.22 45000 9999 9999
23.89 9.16 16.95 0 9.8 178.08 45000 9999 9999
26.3 12.16 18.83 0 11.99 165.32 48600 9999 9999
27.1 13.95 20.58 0 12.2 159.9 54000 9999 9999
18.99 13.94 16.32 3.7 2.74 60.08 48600 9999 9999
21.16 11.51 15.9 0.2 3.35 111.41 45000 9999 9999
24.46 12.41 18.14 0 5.73 158.96 45000 9999 9999
26.63 14.09 19.87 0 7.85 141.49 46800 9999 9999
21.72 17.3 19.43 6.4 3.94 35.64 50400 9999 9999
19.54 16.77 18.21 15.8 1.26 38.56 50400 9999 9999
18.83 16.6 17.81 6.1 0.98 22.08 50400 9999 9999
17.66 15.5 16.33 0.1 2.18 28.96 54000 9999 9999
26.28 14 17.58 0 3.77 124.92 45000 9999 9999
14.59 9.96 11.52 7.4 0.71 10.18 55800 9999 9999
11.87 9.62 10.71 0.1 0.98 17.37 54000 9999 9999
16.21 10.04 12.59 0 3.43 97.93 39600 9999 9999
17.64 8.58 12.6 0 5.44 167.82 39600 9999 9999
18.91 5.03 11.87 0 6.28 177.52 41400 9999 9999
18.07 5.88 11.63 0 6.21 178.86 41400 9999 9999
18.62 4.93 12.45 0 5.96 165.16 41400 9999 9999
19.24 7.38 13.8 0 6.36 151.66 39600 9999 9999
19.02 7.85 13.33 0 4.99 142.23 43200 9999 9999
19.89 8.72 14.35 0 4.8 138.5 43200 9999 9999
20.24 10.94 15.89 1 4.4 108.54 59400 9999 9999
15.56 9.88 13.98 0.5 1.8 19.51 43200 9999 9999
9.51 5.75 6.98 1 1.42 38.24 48600 9999 9999
10.33 5.12 7.57 0 3.05 101.08 41400 9999 9999
15.73 3.42 9.47 0 4.37 159.22 39600 9999 9999
18.54 6.8 12.64 0 6.88 150.34 54000 9999 9999
17.29 8.49 13.13 0 6.14 94.94 41400 9999 9999
19.09 8.18 13.76 0 5.84 135.52 43200 9999 9999
19.86 8.74 14.47 0 5.49 141.67 39600 9999 9999
20.72 10.21 15.18 0 4.59 141.03 45000 9999 9999
17.82 10.14 14.44 0 6.2 71.57 41400 9999 9999
15.25 6.55 10.62 0 7.13 162 39600 9999 9999
15.8 1.72 8.96 0 5.8 158.87 39600 9999 9999
14.22 3.88 9.23 0 5.75 146.52 39600 9999 9999
15.25 1.17 8.2 0 5.59 161.89 39600 9999 9999
16.71 1.34 8.79 0 6.05 159.39 41400 9999 9999
16.73 1.41 9.49 0 5.76 157.64 39600 9999 9999
17.18 2.28 10.09 0 5.62 143.16 39600 9999 9999
17.18 3.38 10.83 0 5.53 135.23 43200 9999 9999
16.93 2.83 10.43 0 5.43 138.93 39600 9999 9999
20.3 4.12 12.16 0 6.48 140.78 39600 9999 9999
20.42 6.15 13.64 0 7.15 136.07 46800 9999 9999
18.64 6.67 12.36 0 4.71 126.22 41400 9999 9999
16.43 8.98 12.61 0 3.79 83.24 45000 9999 9999
11.74 9.25 10.03 3.6 1.08 20.81 45000 9999 9999
12.3 9.18 10.63 0.4 1.18 29.21 45000 9999 9999
12.21 10.54 11.31 0 1.88 25.23 39600 9999 9999
19.91 10.28 15.15 0 5.46 110.43 43200 9999 9999
18.36 5.3 12.74 0.1 3.88 90.86 61200 9999 9999
5.17 3.4 3.99 5.5 0.48 8.7 39600 9999 9999
3.44 2.8 3.19 4 0.38 7.35 46800 9999 9999
3.72 3.32 3.53 1.7 0.35 10.99 39600 9999 9999
4.31 3.43 3.73 1.8 0.41 10.35 48600 9999 9999
3.5 2.15 2.99 3.3 0.52 12.64 45000 9999 9999
2.18 -0.59 0.33 7.5 0.2 38.03 50400 9999 9999
1.25 -0.88 0.33 1.6 0.42 23.03 45000 9999 9999
1.13 -0.4 0.4 3.6 0.26 12 54000 9999 9999
2.75 -5.01 -1.27 0 2.33 171.66 43200 9999 9999
8.61 -2.08 2.65 0 3.29 156.58 50400 9999 9999
6.1 0.22 3.64 0 2.05 25.15 59400 9999 9999
6.84 4.65 5.51 0 2.34 28.29 45000 9999 9999
5.96 2.56 4.8 0 1.95 22.25 39600 9999 9999
9.73 -2.24 3.2 0 1.45 125.85 45000 9999 9999
4.65 2.32 3.6 0.1 0.69 16.24 41400 9999 9999
5.15 3.55 4.4 0.2 1.45 14.34 46800 9999 9999
3.29 -0.33 0.9 4.3 0.36 9.65 39600 9999 9999
3.81 0.73 2.2 1.3 0.61 33.47 43200 9999 9999
3.24 1.84 2.39 3.3 0.37 10.27 52200 9999 9999
2.3 -0.49 1.03 7.1 0.25 10.02 48600 9999 9999
1.04 -0.51 0.06 2.8 0.17 17.19 50400 9999 9999
2.19 -0.06 0.78 6.3 0.43 36.01 50400 9999 9999
6.39 0.21 2.45 1.8 1.67 119.89 48600 9999 9999
5.55 -3.71 0.51 0 0.78 85.09 41400 9999 9999
6.7 -2.09 2.56 0.1 1.66 73.79 46800 9999 9999
6.96 4.08 5.42 0.1 2.15 27.05 41400 9999 9999
5.58 4.3 4.94 4.7 0.65 10.85 64800 9999 9999
4.2 3.02 3.55 4.6 0.43 5.11 46800 9999 9999
4.03 2.68 3.35 0.4 0.31 11.52 39600 9999 9999
4.95 2.58 3.7 3.5 0.43 18.95 46800 9999 9999
11 4.09 6.98 0.1 1.44 100.08 52200 9999 9999
10 6.93 8.12 0 1.43 40.15 61200 9999 9999
6.98 4.67 5.83 0.8 0.55 10.72 57600 9999 9999
5.31 3.45 4.19 0.8 0.48 22.82 50400 9999 9999
3.62 2.78 3.2 4.3 0.28 11.48 55800 9999 9999
5.46 2.6 3.95 0.2 0.76 34.47 54000 9999 9999
6.3 4.55 5.28 0.1 0.84 22.23 50400 9999 9999
4.91 2.88 3.92 0.8 0.46 13.26 59400 9999 9999
5.55 1.29 3.17 0.1 1.7 68.41 43200 9999 9999
8.94 -1.56 3.37 0 2.35 144.71 43200 9999 9999
5.47 1.3 3.19 1 1.75 16.65 41400 9999 9999
3.02 1.27 2 0.6 0.26 11.1 43200 9999 9999
7.21 2.84 5.01 0 0.71 43.71 50400 9999 9999
6.7 5.43 6.06 0.2 0.38 16.57 43200 9999 9999
7.14 6.29 6.69 0.4 0.37 17.08 45000 9999 9999
6.43 4.8 5.92 0.6 0.37 17.64 45000 9999 9999
5.1 3.8 4.52 0.6 0.34 20.58 46800 9999 9999
6.46 4.01 4.96 0.2 0.49 27.41 50400 9999 9999
3.9 1.93 2.69 3.5 0.46 19.32 54000 9999 9999
2.79 1.39 2.03 4.9 0.37 14.73 43200 9999 9999
5.13 2.07 3.29 0.1 0.61 37.76 55800 9999 9999
3.77 2.09 3.06 4.2 0.36 16.21 61200 9999 9999
11.34 3.66 6.04 34.1 0.4 15.4 59400 9999 9999
9.51 5.1 7.39 19.4 0.49 29.24 63000 9999 9999
5 3.88 4.59 15.2 0.37 13.15 48600 9999 9999
3.98 3.08 3.49 20.2 0.41 18.91 45000 9999 9999
4.28 2.56 3.34 4.8 0.8 27.07 45000 9999 9999
3.24 1.71 2.46 0.1 1.79 44.75 45000 9999 9999
3.62 0.22 2.07 0 2.24 87.5 45000 9999 9999
4.58 1.66 3.3 0 2.84 48.94 45000 9999 9999
11.78 1.84 7.26 0 3.5 155.28 48600 9999 9999
15.45 8.36 11.43 0 3.05 59.95 54000 9999 9999
19.09 9.76 14.13 0 5.31 187.54 46800 9999 9999
12.97 9.09 11.13 0.1 2.77 57.1 50400 9999 9999
8.54 4.73 6.08 17.2 0.52 9.14 45000 9999 9999
4.77 3.4 4 7.2 0.38 11.63 57600 9999 9999
10.86 2.58 6.41 0 2.92 162.01 55800 9999 9999
6.73 3.08 5.4 5.4 1.14 32.51 55800 9999 9999
6.87 5.62 6.16 2.7 0.51 13.19 64800 9999 9999
11.53 4.54 7.98 0 2.69 98.28 45000 9999 9999
13.25 1.62 8.18 0 4.74 160.04 43200 9999 9999
12.68 -0.08 7.6 0 7.06 233.39 43200 9999 9999
17.94 0.29 9.56 0 7.77 230.42 45000 9999 9999
21.65 7.69 14.26 0 10.53 139.09 55800 9999 9999
21.57 11.78 15.99 0.5 9.7 111.2 75600 9999 9999
22.96 12.62 17.33 0 6.05 112.37 75600 9999 9999
21.82 15.43 19.04 0.9 5.27 67.96 68400 9999 9999
17.83 5.07 14.29 0.8 1.54 25.2 52200 9999 9999
4.82 -1.81 0.83 2 0.53 10.27 57600 9999 9999
4.2 -1.85 1.34 2.8 2.09 118.63 43200 9999 9999
7.23 2.59 5.06 0 2.81 59 61200 9999 9999
11.58 4.28 8.29 0 2.73 75.09 63000 9999 9999
20.64 9.49 13.18 2 3.09 58.13 70200 9999 9999
14.52 12.65 13.53 0.3 1.94 50.08 64800 9999 9999
15.81 9.86 12.15 1.4 5.17 130.64 59400 9999 9999
19.5 8.61 12.98 0 6.37 173.03 46800 9999 9999
14.34 8.83 11.26 0 3.15 78.07 50400 9999 9999
25.18 8.9 17.63 0 7.44 133.12 46800 9999 9999
22.56 9.19 13.03 3.1 1.93 11.11 63000 9999 9999
10.97 7.88 9.45 0.4 2.17 67.64 55800 9999 9999
16.31 8.04 11.87 0 4.41 118.7 48600 9999 9999
12.93 7.85 10.18 0.1 3.58 65.72 54000 9999 9999
12.45 9.28 10.89 22.9 0.91 50.46 63000 9999 9999
13.48 11.01 12.2 11.1 0.61 33.16 48600 9999 9999
18.92 12.38 15.26 0 2.74 127.6 54000 9999 9999
15.1 12.44 13.9 10.8 1.13 26.83 55800 9999 9999
12.38 9.31 10.71 11.7 0.68 19.86 63000 9999 9999
14.23 9.17 11.43 0.1 1.74 63.93 48600 9999 9999
12.97 11.98 12.45 5 0.93 19.81 66600 9999 9999
21.79 12.12 16.28 0 5.21 199.74 63000 9999 9999
25.5 11.62 18.56 0 9.64 227.07 46800 9999 9999
27.17 12.34 19.38 0 11.47 225.4 48600 9999 9999
24.45 15.68 19.67 0 11.34 87.82 70200 9999 9999
24.36 18 21.21 0.2 9.47 150.62 54000 9999 9999
29.14 17.52 24.02 0 13.7 226.6 48600 9999 9999
31.12 20.92 26.95 0 17.95 226.45 46800 9999 9999
30.12 12.59 22.37 11.7 10.13 103.37 54000 9999 9999
13.88 11.26 12.19 0 2.7 42.62 45000 9999 9999
11.21 10.54 10.83 1.7 0.74 17.59 52200 9999 9999
14.72 9.57 11.53 5.9 2.07 78.93 52200 9999 9999
21.59 9.02 15.11 0 7.35 244.97 50400 9999 9999
24.29 9.28 17.48 0 11.29 261.66 52200 9999 9999
26.58 12.23 20.09 0 13.28 255.29 55800 9999 9999
19.42 14.69 15.88 3.8 2.02 44.4 73800 9999 9999
20.27 15.84 17.85 0.1 2.89 62.09 54000 9999 9999
25.35 16.74 21.05 0 6.5 149.41 55800 9999 9999
25.24 19.15 20.71 12.5 3.08 76.22 63000 9999 9999
26.5 16.21 20.85 0 7.14 220.94 48600 9999 9999
31.48 14.52 23.49 0 12.82 275.77 50400 9999 9999
29.15 19.18 24.12 0 10.22 147.37 57600 9999 9999
21.22 17.4 18.97 14.9 2.17 61.76 59400 9999 9999
24.58 17.98 20.4 0.2 4.8 139.71 68400 9999 9999
26.73 15.99 21.71 0 7.86 231.15 48600 9999 9999
28.29 18.75 22.77 8.2 8.22 199.14 57600 9999 9999
28.85 19.25 24.58 0.2 12.49 221.63 50400 9999 9999
28.83 21.98 25.73 0.2 11.74 164.67 48600 9999 9999
32.08 24.61 28.45 0 17.18 245.58 48600 9999 9999
34.64 26.56 30.08 0 20.39 243.02 48600 9999 9999
30.75 21.42 25.91 5.2 10.05 162.01 48600 9999 9999
26.02 20.47 22.64 12.2 3.72 104.43 64800 9999 9999
28.03 19.8 23.49 8.1 5.25 170.16 63000 9999 9999
30.7 21.02 25.73 1 10.65 205.95 68400 9999 9999
26.63 19.53 21.4 26.4 3.84 45.85 54000 9999 9999
24.13 16.22 19.66 5.5 7.46 204.86 54000 9999 9999
26.01 11.04 19.84 0 10.7 239.32 63000 9999 9999
21.01 18.69 19.83 5.1 2.54 36.36 55800 9999 9999
19.7 17.24 18.81 17.3 1.22 26.14 66600 9999 9999
22.79 17.44 20.09 0.8 4.3 127.09 68400 9999 9999
26.02 19.28 22.06 3.1 3.85 134.52 63000 9999 9999
23.47 20.87 22.09 7.3 1.83 66.14 61200 9999 9999
31.76 21.24 24.87 40.4 6.03 220.75 68400 9999 9999
27.23 22.31 24.36 16.9 3.89 162.73 64800 9999 9999
28.63 22.09 24.93 7.9 3.94 160.04 68400 9999 9999
33.48 23.18 29.13 4 15.11 257.31 70200 9999 9999
31.4 23.6 28 9.6 13.13 212.12 55800 9999 9999
24.8 20.2 22.19 11.5 4.78 87.16 54000 9999 9999
24.48 19.25 20.78 51.8 3.44 121.12 66600 9999 9999
24.42 18.87 21.66 0.4 3.38 99.85 68400 9999 9999
29.95 21.25 24.47 40.5 5.25 188.88 77400 9999 9999
25.13 21.55 22.76 12.1 2.1 78.26 54000 9999 9999
25.01 20.44 22.76 24.2 1.79 64.86 55800 9999 9999
20.25 18.76 19.51 14.4 1.55 37.57 57600 9999 9999
24.64 18.53 21.33 0.1 4.25 141.66 52200 9999 9999
22.43 20.29 21.22 38.5 1.76 38.31 59400 9999 9999
23.32 21.05 21.85 25.5 1.98 47.2 54000 9999 9999
28.94 20.86 24.27 0 6.16 160.11 54000 9999 9999
29.56 21.79 25.34 0 8.18 249.48 57600 9999 9999
31.33 20.94 25.95 0.5 10.31 261.22 64800 9999 9999
25.32 22.34 23.66 20.4 2.58 52.16 73800 9999 9999
26.68 21.78 23.88 26.1 3.24 47.65 68400 9999 9999
29.01 21.62 24.87 0 6.27 161.36 52200 9999 9999
31.54 22.35 26.62 0 9.49 284.6 59400 9999 9999
30.36 22.94 26.35 0 12.21 207.65 55800 9999 9999
29.9 21.71 25.8 0 10.32 171.42 66600 9999 9999
29.78 22.68 26.26 0 12.51 158.9 68400 9999 9999
29.63 22.92 25.85 0 7.93 166.26 52200 9999 9999
26.19 22.34 23.98 1.5 3.95 70.55 61200 9999 9999
32.39 21.27 27.14 0 12.96 250.98 59400 9999 9999
33.87 25.93 29.79 0 18.73 287.04 55800 9999 9999
27.71 23.57 25.4 0 5.03 80.21 55800 9999 9999
26.44 22.34 24.06 0 3.9 71.08 52200 9999 9999
29.1 22.3 25.83 0 7.27 174.46 59400 9999 9999
31.55 24.73 27.74 0 8.92 198.58 57600 9999 9999
32.94 23.77 28.62 0 12.15 267.85 54000 9999 9999
34.72 24.21 28.87 0 12.9 258.45 57600 9999 9999
29.38 24.59 26.65 0.6 7.88 121.05 61200 9999 9999
30.13 24.8 27.23 0.1 8.95 96.8 64800 9999 9999
25.69 23.12 24.05 57.4 1.79 38.79 59400 9999 9999
25.54 22.98 23.79 35.8 1.87 52.1 64800 9999 9999
23.9 21.32 22.87 47.6 1.52 28.49 68400 9999 9999
25.27 21.01 22.52 13.2 2.61 72.53 57600 9999 9999
30.55 19.23 24.75 0 7.82 287.81 52200 9999 9999
31.05 23.7 27.17 0 9.92 257.04 64800 9999 9999
32.07 25.18 28.71 0 12.85 259.15 52200 9999 9999
33.12 27.71 30.01 0 16.77 288.32 52200 9999 9999
32.28 25.81 29.13 0 15.02 216.84 59400 9999 9999
33.14 24.72 27.82 0 9.93 216.86 73800 9999 9999
34.28 25.52 29.45 0 14.49 295.84 54000 9999 9999
32.14 25.44 28.25 0.7 13.82 246.04 57600 9999 9999
32.75 26.42 29.12 0 16.56 268.66 50400 9999 9999
32.79 25.19 29.29 0 16.94 294.71 50400 9999 9999
33.57 26.29 29.98 0 18.19 258.93 52200 9999 9999
34.33 27.62 31.02 0 20.84 285.83 52200 9999 9999
35.41 26.74 31.13 0 20.99 295.19 50400 9999 9999
35.9 27.28 31.27 0 21.74 290.29 50400 9999 9999
34.36 27.5 31.07 0 20.31 240.3 50400 9999 9999
30.68 27.24 28.81 0 12.91 152.69 59400 9999 9999
32.77 27.34 29.42 0 17.93 261.42 52200 9999 9999
33.64 27.34 30.39 0 20.01 269.02 52200 9999 9999
34.26 27.78 30.76 0 20.45 226.78 52200 9999 9999
33.77 23.34 27.79 8 11.54 184.8 54000 9999 9999
32.83 22.87 25.82 17.6 6.04 158.47 63000 9999 9999
34.15 22.79 26.6 0.2 7.54 216.01 52200 9999 9999
35.9 23.56 29.92 0 15.71 257.39 52200 9999 9999
36.05 26.34 31.17 0 18.96 264.04 55800 9999 9999
35.75 25.22 30.71 0 18.64 289.09 57600 9999 9999
34.08 24.68 29.98 0 15.75 261.07 55800 9999 9999
30.82 25.06 27.78 0 12.31 111.37 50400 9999 9999
26.73 22.18 23.62 20.1 3.5 55.68 63000 9999 9999
28.06 22.82 24.83 2.9 4.47 107.62 64800 9999 9999
30.46 23.47 25.86 2.9 5.68 181.18 72000 9999 9999
33.12 23.04 27.97 0 11.84 237.84 61200 9999 9999
34.2 24.33 29.1 0 13.33 279.47 54000 9999 9999
34.79 24.6 29.08 0.3 12.81 294.42 61200 9999 9999
35.2 24.08 28.19 0.5 11.27 274.91 61200 9999 9999
35.8 23.48 29.17 0 14.98 270.14 54000 9999 9999
35.76 26.9 30.85 0 22.38 286.82 52200 9999 9999
35.33 24.52 30.14 0 19.27 287.19 55800 9999 9999
32.71 26.99 29.16 0 14.49 215.68 50400 9999 9999
32.63 24.25 28.05 0.2 12.35 186.44 50400 9999 9999
34.89 24.93 29.6 0 16.79 245.57 50400 9999 9999
35.6 27.29 31.29 0 21.94 286.78 52200 9999 9999
36.15 26.91 31.42 0 22.22 292.56 57600 9999 9999
29.89 24.5 27.43 12.3 9.21 172.02 55800 9999 9999
31.65 23.88 27.35 0.3 9.95 255.05 63000 9999 9999
31.75 23.68 26.33 39.8 7.47 142.77 61200 9999 9999
32.58 23.91 27.3 0 8.95 244.58 64800 9999 9999
31.37 23.89 27.32 0 8.25 221.68 57600 9999 9999
34.86 24.94 28.97 0.1 12.55 252.58 54000 9999 9999
33.91 24.57 29.35 0 14.47 237.21 55800 9999 9999
34.5 26.09 30.08 0 16.67 251.5 54000 9999 9999
34.93 24.2 30.11 0 17.06 291.18 55800 9999 9999
29.05 24.58 26.71 17 7.33 75.08 73800 9999 9999
27.7 23.48 25.19 19 3.23 72.45 70200 9999 9999
32.45 24.45 27.69 0.2 10.96 279.23 70200 9999 9999
32.72 23.89 28.19 0 13.74 252.74 52200 9999 9999
33.06 24.31 28.69 0 15.14 250.79 55800 9999 9999
33.02 25.19 28.65 0 13.77 264.45 63000 9999 9999
27.76 24.17 25.74 0.9 6.17 130.02 52200 9999 9999
24.53 21.8 23.1 1.8 3.12 37.63 54000 9999 9999
24.37 22.41 23.36 0 4.09 41.06 54000 9999 9999
28.63 22.66 25.58 0 6.75 147.57 59400 9999 9999
26.24 21.79 23.78 0.1 5.44 84.78 48600 9999 9999
24.51 20.51 22.58 0 6.42 110.33 52200 9999 9999
25.88 21.07 23.21 0.1 5.86 119.39 48600 9999 9999
27.71 19.8 24.14 0 6.17 128.6 50400 9999 9999
30.45 23.18 25.55 11.4 6.39 154.16 75600 9999 9999
32.41 23.21 27.6 0 10.96 213.9 63000 9999 9999
33.62 23.35 28.89 0 16.08 269.42 57600 9999 9999
34.6 23.93 29.27 0 16.25 263.57 52200 9999 9999
28.63 24.08 26.37 0 7.98 127.05 48600 9999 9999
28.91 22.98 25.67 0.9 8.57 71.33 64800 9999 9999
24.07 23.09 23.66 41 1.99 36.56 63000 9999 9999
27.06 22.07 24.18 34.2 3.08 73.33 70200 9999 9999
22.44 20.86 21.71 5 1.92 41.54 72000 9999 9999
22.99 21.17 22.18 0.1 2.29 29.25 46800 9999 9999
23.75 19.83 21.66 0.4 4 101.09 48600 9999 9999
25.96 20.26 22.96 0 5.89 145.53 48600 9999 9999
28.45 20.09 24.09 0 6.86 169.74 52200 9999 9999
28.58 20.42 24.23 0 7.26 176.99 52200 9999 9999
28.98 20.32 24.81 0 8.32 194.38 46800 9999 9999
29.01 21.89 25.36 0 8.95 173.47 50400 9999 9999
30.67 20.1 25.8 0 9.25 235.26 50400 9999 9999
31.5 22.03 26.75 0 9.05 194.39 46800 9999 9999
32.93 22.52 26.83 5 8.95 225.68 59400 9999 9999
32.06 22.64 26.43 0 7.53 183.22 50400 9999 9999
34.02 22.58 28.12 0 11.74 236.73 46800 9999 9999
34.7 23.3 29.11 0 14.2 233.34 48600 9999 9999
33.92 24.62 29.16 0 15.07 238.36 64800 9999 9999
34.24 24.9 29.28 0 16.36 241.59 52200 9999 9999
34.97 23.12 28.81 0 14.7 254.18 46800 9999 9999
34.25 23.97 29.06 0 14.74 231.75 54000 9999 9999
27.03 20.36 22.71 0.2 4.87 22.92 54000 9999 9999
22.99 19.56 21.15 0.5 3.05 28.36 48600 9999 9999
24.93 20.78 22.74 0 4.44 55.92 52200 9999 9999
28.77 21 24.61 0.1 6.86 132.57 46800 9999 9999
29.36 22.04 24.76 2.2 5.86 163.86 52200 9999 9999
29.39 22.16 24.91 4.8 5.6 162.68 52200 9999 9999
31.41 21.45 25.94 0 8.09 202.91 48600 9999 9999
33.05 22.23 27.45 0 10.91 220.41 48600 9999 9999
33.66 22.99 28.41 0 12.5 202.64 46800 9999 9999
33.85 23.53 28.81 0 13.42 221.08 48600 9999 9999
29.45 23.39 26.71 0 8.65 116.12 45000 9999 9999
23.07 17.51 19.75 44.5 2.43 15.46 55800 9999 9999
17.48 16.49 16.96 3.3 1.08 29.62 54000 9999 9999
19.38 16.02 17.56 0.6 2.08 45.92 46800 9999 9999
21.67 17.65 19.59 0 3.72 78.83 50400 9999 9999
23.33 18.13 20.58 0 3.78 74.37 52200 9999 9999
23.55 16.86 20.06 0.1 8.63 189.98 45000 9999 9999
23.76 14.63 18.76 0 8.04 210.2 45000 9999 9999
24.5 12.57 19.03 0 7.7 212.83 45000 9999 9999
26.8 15.5 21.2 0 7.83 196.51 52200 9999 9999
27.89 17.44 22.58 0 7.69 196.64 45000 9999 9999
28.37 17.96 23.03 0 8.9 196.04 43200 9999 9999
22.23 18.76 20.72 0 5.97 58.61 43200 9999 9999
19.7 15.29 16.52 0.1 2.43 12.89 41400 9999 9999
19.4 14.96 17.01 0 3.87 69.3 43200 9999 9999
23.03 16.71 19.95 0 6.04 106.62 46800 9999 9999
22.95 18.36 20.09 0 6.2 102.03 43200 9999 9999
25.93 14.89 20.32 0 8.12 172.68 43200 9999 9999
26.02 15.11 20.51 0 9.22 187.16 43200 9999 9999
23.1 15.07 19.06 0 7.51 154.58 43200 9999 9999
16.85 13.28 15.18 0 3.67 20.66 41400 9999 9999
18.16 11.85 14.56 0 5.91 152.16 43200 9999 9999
20.15 8.47 14.45 0 6.12 177.72 45000 9999 9999
16.63 12.31 14.4 0.1 3.63 40.41 61200 9999 9999
23.19 9.71 16.19 0.1 5.54 164.79 43200 9999 9999
26.83 13.91 19.95 0 8.14 168.56 50400 9999 9999
18.66 14.12 16.58 0.5 2.97 26.46 41400 9999 9999
15.45 12.63 14.05 4.4 2.2 32.51 45000 9999 9999
19.25 10.46 14.4 0 4.99 119.88 43200 9999 9999
20.75 6.63 14.24 0 7.2 189.36 43200 9999 9999
23.12 7.69 15.6 0 7.73 190.31 48600 9999 9999
18.65 14.88 16.54 5.9 3.02 60.21 79200 9999 9999
24.14 16.19 19.44 0 3.84 132.04 50400 9999 9999
29.57 17.75 22.67 0 6.65 144.92 46800 9999 9999
31.07 21.35 26.05 0 13.97 162.85 48600 9999 9999
23.88 19.31 21.23 0 4.44 62.16 54000 9999 9999
24.61 18.01 21.03 0 6.03 112.67 41400 9999 9999
24.19 18.59 21.1 17.4 3.73 74.24 50400 9999 9999
27.31 18.35 21.83 0 4.38 99.35 45000 9999 9999
25.35 19.08 20.76 0 3.71 108.78 43200 9999 9999
19.41 18.27 18.97 28.5 1.26 19.83 41400 9999 9999
20.62 17.36 18.83 0.2 2.02 44.11 43200 9999 9999
19.22 17.96 18.8 15.9 1.1 17.11 43200 9999 9999
18.87 12.1 16.02 5.6 0.77 10.36 43200 9999 9999
12.09 10.02 10.68 0.6 1.01 20.71 39600 9999 9999
10.78 9.31 10.14 0.1 1.42 19.01 41400 9999 9999
10.63 9.02 10 1.8 1.08 16.36 41400 9999 9999
9.78 8.97 9.31 1.9 0.51 14.84 39600 9999 9999
11.4 8.89 9.93 0 1.48 33.11 50400 9999 9999
10.98 9.27 10.12 0 1.73 22.02 39600 9999 9999
13.81 9.65 11.46 0 3.29 74.5 41400 9999 9999
14.94 6.58 11.11 0 3.63 134 41400 9999 9999
16.04 9.27 12.31 0 4.57 114.25 41400 9999 9999
16.94 7.7 12.65 0 5.06 137.57 41400 9999 9999
17.4 7.01 12.33 0 5.09 129.59 41400 9999 9999
19.48 7.72 13.45 0 5.5 143.14 41400 9999 9999
20.59 8.09 14.6 0 5.02 141.23 39600 9999 9999
17.56 10.98 14.46 0 3.92 70.71 43200 9999 9999
15.17 9.39 12.1 0 6.76 132.78 41400 9999 9999
16.6 6.82 11.95 0 5.95 126.61 43200 9999 9999
15.14 10.04 12.32 1.7 3.51 63.11 50400 9999 9999
9.95 9.08 9.35 1.5 0.87 14.07 43200 9999 9999
9.47 8.03 9.16 2.6 0.57 6.36 52200 9999 9999
9.95 6.17 8.19 0 4.2 119.03 41400 9999 9999
6.12 2.05 3.94 0 4.85 42.64 39600 9999 9999
6.36 -0.9 2.95 0 4.21 156.37 41400 9999 9999
8.9 -1.92 4 0 4.32 162.49 41400 9999 9999
11.2 -0.24 5.85 0 4.27 141.77 48600 9999 9999
7.49 2.73 5.51 2 1.19 33.26 50400 9999 9999
8.07 6.64 7.31 6.2 0.42 11.94 39600 9999 9999
7.02 4.91 6.48 0.3 0.94 13.69 55800 9999 9999
7.86 2.34 5.12 0 2.22 88.66 41400 9999 9999
8.76 -0.1 3.9 0.1 2.51 120.67 48600 9999 9999
8.79 1.27 5.04 0 3.94 132.55 41400 9999 9999
9.19 0.08 4.08 0 4.83 152.16 45000 9999 9999
10.8 -0.4 5.65 0 5.17 153.06 41400 9999 9999
11.71 4.11 7.32 0 6.52 141.18 39600 9999 9999
8.23 -0.65 3.36 0 4.36 150.04 39600 9999 9999
10.31 -2.73 3.67 0 3.91 148.64 39600 9999 9999
11.1 -0.76 5.65 0 4.37 114.62 41400 9999 9999
9.71 2.55 6.42 0 6.04 127.15 41400 9999 9999
9.47 -3.66 3.34 0 5.13 161.01 39600 9999 9999
11.6 -2.42 5.24 0 5.16 105.49 43200 9999 9999
10.83 6.39 8.5 0 5.18 42.35 46800 9999 9999
13.16 6.65 9.49 0 5.21 69.48 43200 9999 9999
11.3 6.47 9.01 0 3.21 36.13 50400 9999 9999
9 6.08 6.93 7.5 0.68 16.91 43200 9999 9999
9.1 6.54 7.71 5.8 0.79 22.08 39600 9999 9999
9.83 7.32 8.64 0 1.76 36.6 39600 9999 9999
10.18 8.07 9.06 0.3 0.73 22.13 46800 9999 9999
10.92 8.45 10.23 0.5 0.72 17 50400 9999 9999
