       plotID    soilWater     soilSnow          LAI         vegC        litrC        soilC       totalC    leafC_sum    leafC_max        leafC        stemC       crootC         cwdc    FSM_soilw     FSM_icew    FSM_snoww
       123   188.01060486	   0.00000000	   3.75196791	   0.28395858	   0.20748723	   9.01687717	   9.50832367	   0.08896104	         -inf	   0.00000000	   0.00000000	   0.00000000	   0.00000000	   0.00029940	   0.03484603	   0.06753621	   0.10480558	   0.02999757	   0.09853629	   1.15906751	   7.72927618	
       123   185.79113770	  13.80460358	   5.36491632	   0.29120871	   0.44662827	   8.96764374	   9.70548058	   0.09187214	         -inf	   0.00000000	   0.00000000	   0.00000000	   0.00000000	   0.03247445	   0.07738104	   0.13341834	   0.20335445	   0.04827711	   0.07978800	   1.11483443	   7.72474432	
       123   185.01806641	  13.28591442	   4.98881054	   0.25087753	   0.53811795	   8.97835827	   9.76735306	   0.07780974	         -inf	   0.00000000	   0.00000000	   0.00000000	   0.00000000	   0.03311878	   0.08501205	   0.16674052	   0.25324658	   0.04632108	   0.09641870	   1.11602414	   7.71959400	
       123   184.34397888	  89.13893890	   4.51615858	   0.24967660	   0.54351151	   9.00635147	   9.79953957	   0.07768409	         -inf	   0.00000000	   0.00000000	   0.00000000	   0.00000000	   0.01709081	   0.08190636	   0.17662141	   0.26789293	   0.04475218	   0.10753307	   1.13892472	   7.71514177	
       123   184.73963928	   0.00000000	   4.65629435	   0.26208946	   0.54462397	   9.03115177	   9.83786488	   0.08240626	         -inf	   0.00000000	   0.00000000	   0.00000000	   0.00000000	   0.01331328	   0.08164566	   0.17874481	   0.27092022	   0.04559824	   0.10718771	   1.16632557	   7.71204042	
       123   184.34130859	   0.95515692	   5.03080416	   0.28301364	   0.63132125	   9.04594421	   9.96027851	   0.09014881	         -inf	   0.00000000	   0.00000000	   0.00000000	   0.00000000	   0.03544010	   0.09440622	   0.19938339	   0.30209154	   0.04685970	   0.10427825	   1.18449473	   7.71031141	
       123   184.39285278	   9.03550625	   4.79200602	   0.23655207	   0.61905116	   9.09248638	   9.94808960	   0.07386718	         -inf	   0.00000000	   0.00000000	   0.00000000	   0.00000000	   0.00529670	   0.08910955	   0.20861666	   0.31602824	   0.04352346	   0.12611736	   1.21324682	   7.70959806	
       123   185.31509399	   0.00000000	   4.62312937	   0.27026960	   0.62966567	   9.11870766	  10.01864243	   0.08615425	         -inf	   0.00000000	   0.00000000	   0.00000000	   0.00000000	   0.02387496	   0.09095104	   0.20473017	   0.31010950	   0.04592098	   0.11214127	   1.24967122	   7.71097422	
       123   184.46208191	   0.00000000	   4.76693630	   0.24355260	   0.65445638	   9.15372658	  10.05173492	   0.07689787	         -inf	   0.00000000	   0.00000000	   0.00000000	   0.00000000	   0.03697117	   0.09463753	   0.20792192	   0.31492573	   0.04636869	   0.11265557	   1.28100204	   7.71370029	
       123   184.34416199	  21.59049225	   4.32117271	   0.23578805	   0.58086121	   9.20393276	  10.02058220	   0.07438670	         -inf	   0.00000000	   0.00000000	   0.00000000	   0.00000000	   0.00110828	   0.07879570	   0.19922030	   0.30173689	   0.03722546	   0.13471997	   1.31414020	   7.71784687	
       123   185.93063354	   0.00000000	   4.82354927	   0.28282186	   0.62805790	   9.21846962	  10.12934971	   0.09139955	         -inf	   0.00000000	   0.00000000	   0.00000000	   0.00000000	   0.03252440	   0.09172785	   0.20035566	   0.30345002	   0.04687474	   0.10917488	   1.33839738	   7.72402287	
       plotID    soilWater     soilSnow          LAI         vegC        litrC        soilC       totalC    leafC_sum    leafC_max        leafC        stemC       crootC         cwdc    FSM_soilw     FSM_icew    FSM_snoww
       123   188.01060486	   0.00000000	   3.75196791	   0.28395858	   0.20748723	   9.01687717	   9.50832367	   0.08896104	         -inf	   0.00000000	   0.00000000	   0.00000000	   0.00000000	   0.00029940	   0.03484603	   0.06753621	   0.10480558	   0.02999757	   0.09853629	   1.15906751	   7.72927618	
       123   185.79113770	  13.80460358	   5.36491632	   0.29120871	   0.44662827	   8.96764374	   9.70548058	   0.09187214	         -inf	   0.00000000	   0.00000000	   0.00000000	   0.00000000	   0.03247445	   0.07738104	   0.13341834	   0.20335445	   0.04827711	   0.07978800	   1.11483443	   7.72474432	
       123   185.01806641	  13.28591442	   4.98881054	   0.25087753	   0.53811795	   8.97835827	   9.76735306	   0.07780974	         -inf	   0.00000000	   0.00000000	   0.00000000	   0.00000000	   0.03311878	   0.08501205	   0.16674052	   0.25324658	   0.04632108	   0.09641870	   1.11602414	   7.71959400	
       123   184.34397888	  89.13893890	   4.51615858	   0.24967660	   0.54351151	   9.00635147	   9.79953957	   0.07768409	         -inf	   0.00000000	   0.00000000	   0.00000000	   0.00000000	   0.01709081	   0.08190636	   0.17662141	   0.26789293	   0.04475218	   0.10753307	   1.13892472	   7.71514177	
       123   184.73963928	   0.00000000	   4.65629435	   0.26208946	   0.54462397	   9.03115177	   9.83786488	   0.08240626	         -inf	   0.00000000	   0.00000000	   0.00000000	   0.00000000	   0.01331328	   0.08164566	   0.17874481	   0.27092022	   0.04559824	   0.10718771	   1.16632557	   7.71204042	
       123   184.34130859	   0.95515692	   5.03080416	   0.28301364	   0.63132125	   9.04594421	   9.96027851	   0.09014881	         -inf	   0.00000000	   0.00000000	   0.00000000	   0.00000000	   0.03544010	   0.09440622	   0.19938339	   0.30209154	   0.04685970	   0.10427825	   1.18449473	   7.71031141	
       123   184.39285278	   9.03550625	   4.79200602	   0.23655207	   0.61905116	   9.09248638	   9.94808960	   0.07386718	         -inf	   0.00000000	   0.00000000	   0.00000000	   0.00000000	   0.00529670	   0.08910955	   0.20861666	   0.31602824	   0.04352346	   0.12611736	   1.21324682	   7.70959806	
       123   185.31509399	   0.00000000	   4.62312937	   0.27026960	   0.62966567	   9.11870766	  10.01864243	   0.08615425	         -inf	   0.00000000	   0.00000000	   0.00000000	   0.00000000	   0.02387496	   0.09095104	   0.20473017	   0.31010950	   0.04592098	   0.11214127	   1.24967122	   7.71097422	
       123   184.46208191	   0.00000000	   4.76693630	   0.24355260	   0.65445638	   9.15372658	  10.05173492	   0.07689787	         -inf	   0.00000000	   0.00000000	   0.00000000	   0.00000000	   0.03697117	   0.09463753	   0.20792192	   0.31492573	   0.04636869	   0.11265557	   1.28100204	   7.71370029	
       123   184.34416199	  21.59049225	   4.32117271	   0.23578805	   0.58086121	   9.20393276	  10.02058220	   0.07438670	         -inf	   0.00000000	   0.00000000	   0.00000000	   0.00000000	   0.00110828	   0.07879570	   0.19922030	   0.30173689	   0.03722546	   0.13471997	   1.31414020	   7.71784687	
       123   185.93063354	   0.00000000	   4.82354927	   0.28282186	   0.62805790	   9.21846962	  10.12934971	   0.09139955	         -inf	   0.00000000	   0.00000000	   0.00000000	   0.00000000	   0.03252440	   0.09172785	   0.20035566	   0.30345002	   0.04687474	   0.10917488	   1.33839738	   7.72402287	
       plotID    soilWater     soilSnow          LAI         vegC        litrC        soilC       totalC    leafC_sum    leafC_max        leafC        stemC       crootC         cwdc    FSM_soilw     FSM_icew    FSM_snoww
       123   188.01060486	   0.00000000	   3.75196791	   0.28395858	   0.20748723	   9.01687717	   9.50832367	   0.08896104	         -inf	   0.00000000	   0.00000000	   0.00000000	   0.00000000	   0.00029940	   0.03484603	   0.06753621	   0.10480558	   0.02999757	   0.09853629	   1.15906751	   7.72927618	
       123   185.79113770	  13.80460358	   5.36491632	   0.29120871	   0.44662827	   8.96764374	   9.70548058	   0.09187214	         -inf	   0.00000000	   0.00000000	   0.00000000	   0.00000000	   0.03247445	   0.07738104	   0.13341834	   0.20335445	   0.04827711	   0.07978800	   1.11483443	   7.72474432	
       123   185.01806641	  13.28591442	   4.98881054	   0.25087753	   0.53811795	   8.97835827	   9.76735306	   0.07780974	         -inf	   0.00000000	   0.00000000	   0.00000000	   0.00000000	   0.03311878	   0.08501205	   0.16674052	   0.25324658	   0.04632108	   0.09641870	   1.11602414	   7.71959400	
       123   184.34397888	  89.13893890	   4.51615858	   0.24967660	   0.54351151	   9.00635147	   9.79953957	   0.07768409	         -inf	   0.00000000	   0.00000000	   0.00000000	   0.00000000	   0.01709081	   0.08190636	   0.17662141	   0.26789293	   0.04475218	   0.10753307	   1.13892472	   7.71514177	
       123   184.73963928	   0.00000000	   4.65629435	   0.26208946	   0.54462397	   9.03115177	   9.83786488	   0.08240626	         -inf	   0.00000000	   0.00000000	   0.00000000	   0.00000000	   0.01331328	   0.08164566	   0.17874481	   0.27092022	   0.04559824	   0.10718771	   1.16632557	   7.71204042	
       123   184.34130859	   0.95515692	   5.03080416	   0.28301364	   0.63132125	   9.04594421	   9.96027851	   0.09014881	         -inf	   0.00000000	   0.00000000	   0.00000000	   0.00000000	   0.03544010	   0.09440622	   0.19938339	   0.30209154	   0.04685970	   0.10427825	   1.18449473	   7.71031141	
       123   184.39285278	   9.03550625	   4.79200602	   0.23655207	   0.61905116	   9.09248638	   9.94808960	   0.07386718	         -inf	   0.00000000	   0.00000000	   0.00000000	   0.00000000	   0.00529670	   0.08910955	   0.20861666	   0.31602824	   0.04352346	   0.12611736	   1.21324682	   7.70959806	
       123   185.31509399	   0.00000000	   4.62312937	   0.27026960	   0.62966567	   9.11870766	  10.01864243	   0.08615425	         -inf	   0.00000000	   0.00000000	   0.00000000	   0.00000000	   0.02387496	   0.09095104	   0.20473017	   0.31010950	   0.04592098	   0.11214127	   1.24967122	   7.71097422	
       123   184.46208191	   0.00000000	   4.76693630	   0.24355260	   0.65445638	   9.15372658	  10.05173492	   0.07689787	         -inf	   0.00000000	   0.00000000	   0.00000000	   0.00000000	   0.03697117	   0.09463753	   0.20792192	   0.31492573	   0.04636869	   0.11265557	   1.28100204	   7.71370029	
       123   184.34416199	  21.59049225	   4.32117271	   0.23578805	   0.58086121	   9.20393276	  10.02058220	   0.07438670	         -inf	   0.00000000	   0.00000000	   0.00000000	   0.00000000	   0.00110828	   0.07879570	   0.19922030	   0.30173689	   0.03722546	   0.13471997	   1.31414020	   7.71784687	
       123   185.93063354	   0.00000000	   4.82354927	   0.28282186	   0.62805790	   9.21846962	  10.12934971	   0.09139955	         -inf	   0.00000000	   0.00000000	   0.00000000	   0.00000000	   0.03252440	   0.09172785	   0.20035566	   0.30345002	   0.04687474	   0.10917488	   1.33839738	   7.72402287	
       plotID    soilWater     soilSnow          LAI         vegC        litrC        soilC       totalC    leafC_sum    leafC_max        leafC        stemC       crootC         cwdc    FSM_soilw     FSM_icew    FSM_snoww
       123   188.01060486	   0.00000000	   3.75196791	   0.28395858	   0.20748723	   9.01687717	   9.50832367	   0.08896104	         -inf	   0.00000000	   0.00000000	   0.00000000	   0.00000000	   0.00029940	   0.03484603	   0.06753621	   0.10480558	   0.02999757	   0.09853629	   1.15906751	   7.72927618	
       123   185.79113770	  13.80460358	   5.36491632	   0.29120871	   0.44662827	   8.96764374	   9.70548058	   0.09187214	         -inf	   0.00000000	   0.00000000	   0.00000000	   0.00000000	   0.03247445	   0.07738104	   0.13341834	   0.20335445	   0.04827711	   0.07978800	   1.11483443	   7.72474432	
       123   185.01806641	  13.28591442	   4.98881054	   0.25087753	   0.53811795	   8.97835827	   9.76735306	   0.07780974	         -inf	   0.00000000	   0.00000000	   0.00000000	   0.00000000	   0.03311878	   0.08501205	   0.16674052	   0.25324658	   0.04632108	   0.09641870	   1.11602414	   7.71959400	
       123   184.34397888	  89.13893890	   4.51615858	   0.24967660	   0.54351151	   9.00635147	   9.79953957	   0.07768409	         -inf	   0.00000000	   0.00000000	   0.00000000	   0.00000000	   0.01709081	   0.08190636	   0.17662141	   0.26789293	   0.04475218	   0.10753307	   1.13892472	   7.71514177	
       123   184.73963928	   0.00000000	   4.65629435	   0.26208946	   0.54462397	   9.03115177	   9.83786488	   0.08240626	         -inf	   0.00000000	   0.00000000	   0.00000000	   0.00000000	   0.01331328	   0.08164566	   0.17874481	   0.27092022	   0.04559824	   0.10718771	   1.16632557	   7.71204042	
       123   184.34130859	   0.95515692	   5.03080416	   0.28301364	   0.63132125	   9.04594421	   9.96027851	   0.09014881	         -inf	   0.00000000	   0.00000000	   0.00000000	   0.00000000	   0.03544010	   0.09440622	   0.19938339	   0.30209154	   0.04685970	   0.10427825	   1.18449473	   7.71031141	
       123   184.39285278	   9.03550625	   4.79200602	   0.23655207	   0.61905116	   9.09248638	   9.94808960	   0.07386718	         -inf	   0.00000000	   0.00000000	   0.00000000	   0.00000000	   0.00529670	   0.08910955	   0.20861666	   0.31602824	   0.04352346	   0.12611736	   1.21324682	   7.70959806	
       123   185.31509399	   0.00000000	   4.62312937	   0.27026960	   0.62966567	   9.11870766	  10.01864243	   0.08615425	         -inf	   0.00000000	   0.00000000	   0.00000000	   0.00000000	   0.02387496	   0.09095104	   0.20473017	   0.31010950	   0.04592098	   0.11214127	   1.24967122	   7.71097422	
       123   184.46208191	   0.00000000	   4.76693630	   0.24355260	   0.65445638	   9.15372658	  10.05173492	   0.07689787	         -inf	   0.00000000	   0.00000000	   0.00000000	   0.00000000	   0.03697117	   0.09463753	   0.20792192	   0.31492573	   0.04636869	   0.11265557	   1.28100204	   7.71370029	
       123   184.34416199	  21.59049225	   4.32117271	   0.23578805	   0.58086121	   9.20393276	  10.02058220	   0.07438670	         -inf	   0.00000000	   0.00000000	   0.00000000	   0.00000000	   0.00110828	   0.07879570	   0.19922030	   0.30173689	   0.03722546	   0.13471997	   1.31414020	   7.71784687	
       123   185.93063354	   0.00000000	   4.82354927	   0.28282186	   0.62805790	   9.21846962	  10.12934971	   0.09139955	         -inf	   0.00000000	   0.00000000	   0.00000000	   0.00000000	   0.03252440	   0.09172785	   0.20035566	   0.30345002	   0.04687474	   0.10917488	   1.33839738	   7.72402287	
       plotID    soilWater     soilSnow          LAI         vegC        litrC        soilC       totalC    leafC_sum    leafC_max        leafC        stemC       crootC         cwdc    FSM_soilw     FSM_icew    FSM_snoww
       123   188.01060486	   0.00000000	   3.75196791	   0.28389797	   0.20739438	   9.01688290	   9.50817585	   0.08893943	         -inf	   0.00000000	   0.00000000	   0.00000000	   0.00000000	   0.00029886	   0.03481936	   0.06751077	   0.10476539	   0.02997061	   0.09855113	   1.15908504	   7.72927618	
       123   185.79113770	  13.80460358	   5.36428499	   0.29121330	   0.44653392	   8.96763229	   9.70537949	   0.09187378	         -inf	   0.00000000	   0.00000000	   0.00000000	   0.00000000	   0.03246005	   0.07736745	   0.13339230	   0.20331411	   0.04827552	   0.07977874	   1.11483312	   7.72474480	
       123   185.01806641	  13.28591442	   4.98889017	   0.25087947	   0.53807628	   8.97832966	   9.76728535	   0.07781042	         -inf	   0.00000000	   0.00000000	   0.00000000	   0.00000000	   0.03312083	   0.08500814	   0.16672491	   0.25322241	   0.04632113	   0.09640850	   1.11600626	   7.71959400	
       123   184.34397888	  89.13893890	   4.51618481	   0.24967661	   0.54348868	   9.00631905	   9.79948425	   0.07768409	         -inf	   0.00000000	   0.00000000	   0.00000000	   0.00000000	   0.01709153	   0.08190450	   0.17661291	   0.26787975	   0.04475223	   0.10752831	   1.13889766	   7.71514034	
       123   184.73963928	   0.00000000	   4.65628767	   0.26208851	   0.54461133	   9.03111553	   9.83781624	   0.08240592	         -inf	   0.00000000	   0.00000000	   0.00000000	   0.00000000	   0.01331365	   0.08164454	   0.17874014	   0.27091300	   0.04559809	   0.10718519	   1.16629541	   7.71203756	
       123   184.34130859	   0.95515692	   5.03077698	   0.28301185	   0.63131237	   9.04590702	   9.96023178	   0.09014817	         -inf	   0.00000000	   0.00000000	   0.00000000	   0.00000000	   0.03544024	   0.09440525	   0.19938023	   0.30208665	   0.04685934	   0.10427665	   1.18446457	   7.71030664	
       123   184.39285278	   9.03550625	   4.79197025	   0.23655045	   0.61904436	   9.09244919	   9.94804382	   0.07386660	         -inf	   0.00000000	   0.00000000	   0.00000000	   0.00000000	   0.00529676	   0.08910877	   0.20861427	   0.31602454	   0.04352317	   0.12611590	   1.21321750	   7.70959234	
       123   185.31509399	   0.00000000	   4.62309122	   0.27026755	   0.62966007	   9.11867046	  10.01859760	   0.08615352	         -inf	   0.00000000	   0.00000000	   0.00000000	   0.00000000	   0.02387490	   0.09095028	   0.20472828	   0.31010661	   0.04592058	   0.11214008	   1.24964309	   7.71096659	
       123   184.46208191	   0.00000000	   4.76689577	   0.24355076	   0.65445113	   9.15368938	  10.05169106	   0.07689723	         -inf	   0.00000000	   0.00000000	   0.00000000	   0.00000000	   0.03697093	   0.09463678	   0.20792024	   0.31492320	   0.04636829	   0.11265445	   1.28097498	   7.71369123	
       123   184.34416199	  21.59049225	   4.32113600	   0.23578627	   0.58085704	   9.20389557	  10.02053833	   0.07438608	         -inf	   0.00000000	   0.00000000	   0.00000000	   0.00000000	   0.00110829	   0.07879516	   0.19921887	   0.30173472	   0.03722518	   0.13471869	   1.31411433	   7.71783733	
       123   185.93063354	   0.00000000	   4.82350874	   0.28281975	   0.62805355	   9.21843243	  10.12930584	   0.09139880	         -inf	   0.00000000	   0.00000000	   0.00000000	   0.00000000	   0.03252417	   0.09172719	   0.20035429	   0.30344793	   0.04687435	   0.10917390	   1.33837283	   7.72401142	
       plotID    soilWater     soilSnow          LAI         vegC        litrC        soilC       totalC    leafC_sum    leafC_max        leafC        stemC       crootC         cwdc    FSM_soilw     FSM_icew    FSM_snoww
       123   188.01060486	   0.00000000	   3.75196791	   0.28389797	   0.20739438	   9.01688290	   9.50817585	   0.08893943	         -inf	   0.00000000	   0.00000000	   0.00000000	   0.00000000	   0.00029886	   0.03481936	   0.06751077	   0.10476539	   0.02997061	   0.09855113	   1.15908504	   7.72927618	
       123   185.79113770	  13.80460358	   5.36428499	   0.29121330	   0.44653392	   8.96763229	   9.70537949	   0.09187378	         -inf	   0.00000000	   0.00000000	   0.00000000	   0.00000000	   0.03246005	   0.07736745	   0.13339230	   0.20331411	   0.04827552	   0.07977874	   1.11483312	   7.72474480	
       123   185.01806641	  13.28591442	   4.98889017	   0.25087947	   0.53807628	   8.97832966	   9.76728535	   0.07781042	         -inf	   0.00000000	   0.00000000	   0.00000000	   0.00000000	   0.03312083	   0.08500814	   0.16672491	   0.25322241	   0.04632113	   0.09640850	   1.11600626	   7.71959400	
       123   184.34397888	  89.13893890	   4.51618481	   0.24967661	   0.54348868	   9.00631905	   9.79948425	   0.07768409	         -inf	   0.00000000	   0.00000000	   0.00000000	   0.00000000	   0.01709153	   0.08190450	   0.17661291	   0.26787975	   0.04475223	   0.10752831	   1.13889766	   7.71514034	
       123   184.73963928	   0.00000000	   4.65628767	   0.26208851	   0.54461133	   9.03111553	   9.83781624	   0.08240592	         -inf	   0.00000000	   0.00000000	   0.00000000	   0.00000000	   0.01331365	   0.08164454	   0.17874014	   0.27091300	   0.04559809	   0.10718519	   1.16629541	   7.71203756	
       123   184.34130859	   0.95515692	   5.03077698	   0.28301185	   0.63131237	   9.04590702	   9.96023178	   0.09014817	         -inf	   0.00000000	   0.00000000	   0.00000000	   0.00000000	   0.03544024	   0.09440525	   0.19938023	   0.30208665	   0.04685934	   0.10427665	   1.18446457	   7.71030664	
       123   184.39285278	   9.03550625	   4.79197025	   0.23655045	   0.61904436	   9.09244919	   9.94804382	   0.07386660	         -inf	   0.00000000	   0.00000000	   0.00000000	   0.00000000	   0.00529676	   0.08910877	   0.20861427	   0.31602454	   0.04352317	   0.12611590	   1.21321750	   7.70959234	
       123   185.31509399	   0.00000000	   4.62309122	   0.27026755	   0.62966007	   9.11867046	  10.01859760	   0.08615352	         -inf	   0.00000000	   0.00000000	   0.00000000	   0.00000000	   0.02387490	   0.09095028	   0.20472828	   0.31010661	   0.04592058	   0.11214008	   1.24964309	   7.71096659	
       123   184.46208191	   0.00000000	   4.76689577	   0.24355076	   0.65445113	   9.15368938	  10.05169106	   0.07689723	         -inf	   0.00000000	   0.00000000	   0.00000000	   0.00000000	   0.03697093	   0.09463678	   0.20792024	   0.31492320	   0.04636829	   0.11265445	   1.28097498	   7.71369123	
       123   184.34416199	  21.59049225	   4.32113600	   0.23578627	   0.58085704	   9.20389557	  10.02053833	   0.07438608	         -inf	   0.00000000	   0.00000000	   0.00000000	   0.00000000	   0.00110829	   0.07879516	   0.19921887	   0.30173472	   0.03722518	   0.13471869	   1.31411433	   7.71783733	
       123   185.93063354	   0.00000000	   4.82350874	   0.28281975	   0.62805355	   9.21843243	  10.12930584	   0.09139880	         -inf	   0.00000000	   0.00000000	   0.00000000	   0.00000000	   0.03252417	   0.09172719	   0.20035429	   0.30344793	   0.04687435	   0.10917390	   1.33837283	   7.72401142	
       plotID    soilWater     soilSnow          LAI         vegC        litrC        soilC       totalC    leafC_sum    leafC_max        leafC        stemC       crootC         cwdc    FSM_soilw     FSM_icew    FSM_snoww
       123   188.01060486	   0.00000000	   3.75196791	   0.28395858	   0.20748723	   9.01687717	   9.50832367	   0.08896104	         -inf	   0.00000000	   0.00000000	   0.00000000	   0.00000000	   0.00029940	   0.03484603	   0.06753621	   0.10480558	   0.02999757	   0.09853629	   1.15906751	   7.72927618	
       123   185.79113770	  13.80460358	   5.36491632	   0.29120871	   0.44662827	   8.96764374	   9.70548058	   0.09187214	         -inf	   0.00000000	   0.00000000	   0.00000000	   0.00000000	   0.03247445	   0.07738104	   0.13341834	   0.20335445	   0.04827711	   0.07978800	   1.11483443	   7.72474432	
       123   185.01806641	  13.28591442	   4.98881054	   0.25087753	   0.53811795	   8.97835827	   9.76735306	   0.07780974	         -inf	   0.00000000	   0.00000000	   0.00000000	   0.00000000	   0.03311878	   0.08501205	   0.16674052	   0.25324658	   0.04632108	   0.09641870	   1.11602414	   7.71959400	
       123   184.34397888	  89.13893890	   4.51615858	   0.24967660	   0.54351151	   9.00635147	   9.79953957	   0.07768409	         -inf	   0.00000000	   0.00000000	   0.00000000	   0.00000000	   0.01709081	   0.08190636	   0.17662141	   0.26789293	   0.04475218	   0.10753307	   1.13892472	   7.71514177	
       123   184.73963928	   0.00000000	   4.65629435	   0.26208946	   0.54462397	   9.03115177	   9.83786488	   0.08240626	         -inf	   0.00000000	   0.00000000	   0.00000000	   0.00000000	   0.01331328	   0.08164566	   0.17874481	   0.27092022	   0.04559824	   0.10718771	   1.16632557	   7.71204042	
       123   184.34130859	   0.95515692	   5.03080416	   0.28301364	   0.63132125	   9.04594421	   9.96027851	   0.09014881	         -inf	   0.00000000	   0.00000000	   0.00000000	   0.00000000	   0.03544010	   0.09440622	   0.19938339	   0.30209154	   0.04685970	   0.10427825	   1.18449473	   7.71031141	
       123   184.39285278	   9.03550625	   4.79200602	   0.23655207	   0.61905116	   9.09248638	   9.94808960	   0.07386718	         -inf	   0.00000000	   0.00000000	   0.00000000	   0.00000000	   0.00529670	   0.08910955	   0.20861666	   0.31602824	   0.04352346	   0.12611736	   1.21324682	   7.70959806	
       123   185.31509399	   0.00000000	   4.62312937	   0.27026960	   0.62966567	   9.11870766	  10.01864243	   0.08615425	         -inf	   0.00000000	   0.00000000	   0.00000000	   0.00000000	   0.02387496	   0.09095104	   0.20473017	   0.31010950	   0.04592098	   0.11214127	   1.24967122	   7.71097422	
       123   184.46208191	   0.00000000	   4.76693630	   0.24355260	   0.65445638	   9.15372658	  10.05173492	   0.07689787	         -inf	   0.00000000	   0.00000000	   0.00000000	   0.00000000	   0.03697117	   0.09463753	   0.20792192	   0.31492573	   0.04636869	   0.11265557	   1.28100204	   7.71370029	
       123   184.34416199	  21.59049225	   4.32117271	   0.23578805	   0.58086121	   9.20393276	  10.02058220	   0.07438670	         -inf	   0.00000000	   0.00000000	   0.00000000	   0.00000000	   0.00110828	   0.07879570	   0.19922030	   0.30173689	   0.03722546	   0.13471997	   1.31414020	   7.71784687	
       123   185.93063354	   0.00000000	   4.82354927	   0.28282186	   0.62805790	   9.21846962	  10.12934971	   0.09139955	         -inf	   0.00000000	   0.00000000	   0.00000000	   0.00000000	   0.03252440	   0.09172785	   0.20035566	   0.30345002	   0.04687474	   0.10917488	   1.33839738	   7.72402287	
       plotID    soilWater     soilSnow          LAI         vegC        litrC        soilC       totalC    leafC_sum    leafC_max        leafC        stemC       crootC         cwdc    FSM_soilw     FSM_icew    FSM_snoww
       123   188.01060486	   0.00000000	   3.75196791	   0.28395858	   0.20748723	   9.01687717	   9.50832367	   0.08896104	         -inf	   0.00000000	   0.00000000	   0.00000000	   0.00000000	   0.00029940	   0.03484603	   0.06753621	   0.10480558	   0.02999757	   0.09853629	   1.15906751	   7.72927618	
       123   185.79113770	  13.80460358	   5.36491632	   0.29120871	   0.44662827	   8.96764374	   9.70548058	   0.09187214	         -inf	   0.00000000	   0.00000000	   0.00000000	   0.00000000	   0.03247445	   0.07738104	   0.13341834	   0.20335445	   0.04827711	   0.07978800	   1.11483443	   7.72474432	
       123   185.01806641	  13.28591442	   4.98881054	   0.25087753	   0.53811795	   8.97835827	   9.76735306	   0.07780974	         -inf	   0.00000000	   0.00000000	   0.00000000	   0.00000000	   0.03311878	   0.08501205	   0.16674052	   0.25324658	   0.04632108	   0.09641870	   1.11602414	   7.71959400	
       123   184.34397888	  89.13893890	   4.51615858	   0.24967660	   0.54351151	   9.00635147	   9.79953957	   0.07768409	         -inf	   0.00000000	   0.00000000	   0.00000000	   0.00000000	   0.01709081	   0.08190636	   0.17662141	   0.26789293	   0.04475218	   0.10753307	   1.13892472	   7.71514177	
       123   184.73963928	   0.00000000	   4.65629435	   0.26208946	   0.54462397	   9.03115177	   9.83786488	   0.08240626	         -inf	   0.00000000	   0.00000000	   0.00000000	   0.00000000	   0.01331328	   0.08164566	   0.17874481	   0.27092022	   0.04559824	   0.10718771	   1.16632557	   7.71204042	
       123   184.34130859	   0.95515692	   5.03080416	   0.28301364	   0.63132125	   9.04594421	   9.96027851	   0.09014881	         -inf	   0.00000000	   0.00000000	   0.00000000	   0.00000000	   0.03544010	   0.09440622	   0.19938339	   0.30209154	   0.04685970	   0.10427825	   1.18449473	   7.71031141	
       123   184.39285278	   9.03550625	   4.79200602	   0.23655207	   0.61905116	   9.09248638	   9.94808960	   0.07386718	         -inf	   0.00000000	   0.00000000	   0.00000000	   0.00000000	   0.00529670	   0.08910955	   0.20861666	   0.31602824	   0.04352346	   0.12611736	   1.21324682	   7.70959806	
       123   185.31509399	   0.00000000	   4.62312937	   0.27026960	   0.62966567	   9.11870766	  10.01864243	   0.08615425	         -inf	   0.00000000	   0.00000000	   0.00000000	   0.00000000	   0.02387496	   0.09095104	   0.20473017	   0.31010950	   0.04592098	   0.11214127	   1.24967122	   7.71097422	
       123   184.46208191	   0.00000000	   4.76693630	   0.24355260	   0.65445638	   9.15372658	  10.05173492	   0.07689787	         -inf	   0.00000000	   0.00000000	   0.00000000	   0.00000000	   0.03697117	   0.09463753	   0.20792192	   0.31492573	   0.04636869	   0.11265557	   1.28100204	   7.71370029	
       123   184.34416199	  21.59049225	   4.32117271	   0.23578805	   0.58086121	   9.20393276	  10.02058220	   0.07438670	         -inf	   0.00000000	   0.00000000	   0.00000000	   0.00000000	   0.00110828	   0.07879570	   0.19922030	   0.30173689	   0.03722546	   0.13471997	   1.31414020	   7.71784687	
       123   185.93063354	   0.00000000	   4.82354927	   0.28282186	   0.62805790	   9.21846962	  10.12934971	   0.09139955	         -inf	   0.00000000	   0.00000000	   0.00000000	   0.00000000	   0.03252440	   0.09172785	   0.20035566	   0.30345002	   0.04687474	   0.10917488	   1.33839738	   7.72402287	
       plotID    soilWater     soilSnow          LAI         vegC        litrC        soilC       totalC    leafC_sum    leafC_max        leafC        stemC       crootC         cwdc    FSM_soilw     FSM_icew    FSM_snoww
       123   188.01060486	   0.00000000	   3.75196791	   0.28389797	   0.20739438	   9.01688290	   9.50817585	   0.08893943	         -inf	   0.00000000	   0.00000000	   0.00000000	   0.00000000	   0.00029886	   0.03481936	   0.06751077	   0.10476539	   0.02997061	   0.09855113	   1.15908504	   7.72927618	
       123   185.79113770	  13.80460358	   5.36428499	   0.29121330	   0.44653392	   8.96763229	   9.70537949	   0.09187378	         -inf	   0.00000000	   0.00000000	   0.00000000	   0.00000000	   0.03246005	   0.07736745	   0.13339230	   0.20331411	   0.04827552	   0.07977874	   1.11483312	   7.72474480	
       123   185.01806641	  13.28591442	   4.98889017	   0.25087947	   0.53807628	   8.97832966	   9.76728535	   0.07781042	         -inf	   0.00000000	   0.00000000	   0.00000000	   0.00000000	   0.03312083	   0.08500814	   0.16672491	   0.25322241	   0.04632113	   0.09640850	   1.11600626	   7.71959400	
       123   184.34397888	  89.13893890	   4.51618481	   0.24967661	   0.54348868	   9.00631905	   9.79948425	   0.07768409	         -inf	   0.00000000	   0.00000000	   0.00000000	   0.00000000	   0.01709153	   0.08190450	   0.17661291	   0.26787975	   0.04475223	   0.10752831	   1.13889766	   7.71514034	
       123   184.73963928	   0.00000000	   4.65628767	   0.26208851	   0.54461133	   9.03111553	   9.83781624	   0.08240592	         -inf	   0.00000000	   0.00000000	   0.00000000	   0.00000000	   0.01331365	   0.08164454	   0.17874014	   0.27091300	   0.04559809	   0.10718519	   1.16629541	   7.71203756	
       123   184.34130859	   0.95515692	   5.03077698	   0.28301185	   0.63131237	   9.04590702	   9.96023178	   0.09014817	         -inf	   0.00000000	   0.00000000	   0.00000000	   0.00000000	   0.03544024	   0.09440525	   0.19938023	   0.30208665	   0.04685934	   0.10427665	   1.18446457	   7.71030664	
       123   184.39285278	   9.03550625	   4.79197025	   0.23655045	   0.61904436	   9.09244919	   9.94804382	   0.07386660	         -inf	   0.00000000	   0.00000000	   0.00000000	   0.00000000	   0.00529676	   0.08910877	   0.20861427	   0.31602454	   0.04352317	   0.12611590	   1.21321750	   7.70959234	
       123   185.31509399	   0.00000000	   4.62309122	   0.27026755	   0.62966007	   9.11867046	  10.01859760	   0.08615352	         -inf	   0.00000000	   0.00000000	   0.00000000	   0.00000000	   0.02387490	   0.09095028	   0.20472828	   0.31010661	   0.04592058	   0.11214008	   1.24964309	   7.71096659	
       123   184.46208191	   0.00000000	   4.76689577	   0.24355076	   0.65445113	   9.15368938	  10.05169106	   0.07689723	         -inf	   0.00000000	   0.00000000	   0.00000000	   0.00000000	   0.03697093	   0.09463678	   0.20792024	   0.31492320	   0.04636829	   0.11265445	   1.28097498	   7.71369123	
       123   184.34416199	  21.59049225	   4.32113600	   0.23578627	   0.58085704	   9.20389557	  10.02053833	   0.07438608	         -inf	   0.00000000	   0.00000000	   0.00000000	   0.00000000	   0.00110829	   0.07879516	   0.19921887	   0.30173472	   0.03722518	   0.13471869	   1.31411433	   7.71783733	
       123   185.93063354	   0.00000000	   4.82350874	   0.28281975	   0.62805355	   9.21843243	  10.12930584	   0.09139880	         -inf	   0.00000000	   0.00000000	   0.00000000	   0.00000000	   0.03252417	   0.09172719	   0.20035429	   0.30344793	   0.04687435	   0.10917390	   1.33837283	   7.72401142	
       plotID    soilWater     soilSnow          LAI         vegC        litrC        soilC       totalC    leafC_sum    leafC_max        leafC        stemC       crootC         cwdc    FSM_soilw     FSM_icew    FSM_snoww
       123   188.01060486	   0.00000000	   3.75196791	   0.28094989	   0.20335194	   9.01708698	   9.50138855	   0.08788825	         -inf	   0.00000000	   0.00000000	   0.00000000	   0.00000000	   0.00027550	   0.03364225	   0.06639451	   0.10303968	   0.02879289	   0.09923522	   1.15977705	   7.72928143	
       123   185.79113770	  13.80460358	   5.33301497	   0.29138434	   0.44210222	   8.96708107	   9.70056725	   0.09193450	         -inf	   0.00000000	   0.00000000	   0.00000000	   0.00000000	   0.03174642	   0.07671694	   0.13218057	   0.20145829	   0.04819669	   0.07938138	   1.11474121	   7.72476149	
       123   185.01806641	  13.28591442	   4.99192524	   0.25094926	   0.53608561	   8.97698879	   9.76402378	   0.07783516	         -inf	   0.00000000	   0.00000000	   0.00000000	   0.00000000	   0.03320218	   0.08481459	   0.16598287	   0.25208598	   0.04632071	   0.09593130	   1.11515307	   7.71958399	
       123   184.34397888	  89.13893890	   4.51707125	   0.24966490	   0.54237527	   9.00473881	   9.79677868	   0.07767982	         -inf	   0.00000000	   0.00000000	   0.00000000	   0.00000000	   0.01711977	   0.08180893	   0.17619969	   0.26724687	   0.04475237	   0.10729884	   1.13761580	   7.71507168	
       123   184.73963928	   0.00000000	   4.65577793	   0.26203704	   0.54398012	   9.02940369	   9.83542061	   0.08238751	         -inf	   0.00000000	   0.00000000	   0.00000000	   0.00000000	   0.01332806	   0.08158588	   0.17850819	   0.27055797	   0.04558967	   0.10706107	   1.16486120	   7.71189165	
       123   184.34130859	   0.95515692	   5.02937603	   0.28292164	   0.63086116	   9.04415131	   9.95793438	   0.09011596	         -inf	   0.00000000	   0.00000000	   0.00000000	   0.00000000	   0.03544427	   0.09435495	   0.19922006	   0.30184191	   0.04684148	   0.10419675	   1.18302488	   7.71008825	
       123   184.39285278	   9.03550625	   4.79021931	   0.23647097	   0.61869675	   9.09067059	   9.94583797	   0.07383823	         -inf	   0.00000000	   0.00000000	   0.00000000	   0.00000000	   0.00529873	   0.08906858	   0.20849177	   0.31583768	   0.04350883	   0.12604359	   1.21181393	   7.70930386	
       123   185.31509399	   0.00000000	   4.62126160	   0.27016839	   0.62937421	   9.11688328	  10.01642513	   0.08611815	         -inf	   0.00000000	   0.00000000	   0.00000000	   0.00000000	   0.02387117	   0.09091216	   0.20463154	   0.30995935	   0.04590139	   0.11208141	   1.24829125	   7.71060896	
       123   184.46208191	   0.00000000	   4.76494741	   0.24346308	   0.65418881	   9.15189743	  10.04955006	   0.07686594	         -inf	   0.00000000	   0.00000000	   0.00000000	   0.00000000	   0.03695909	   0.09459960	   0.20783558	   0.31479454	   0.04634911	   0.11259972	   1.27967656	   7.71327257	
       123   184.34416199	  21.59049225	   4.31937790	   0.23570161	   0.58064950	   9.20209694	  10.01844788	   0.07435586	         -inf	   0.00000000	   0.00000000	   0.00000000	   0.00000000	   0.00110853	   0.07876839	   0.19914699	   0.30162561	   0.03721199	   0.13465625	   1.31287146	   7.71735764	
       123   185.93063354	   0.00000000	   4.82155514	   0.28271776	   0.62783897	   9.21664429	  10.12720108	   0.09136242	         -inf	   0.00000000	   0.00000000	   0.00000000	   0.00000000	   0.03251294	   0.09169450	   0.20028645	   0.30334505	   0.04685555	   0.10912579	   1.33718991	   7.72347307	
       plotID    soilWater     soilSnow          LAI         vegC        litrC        soilC       totalC    leafC_sum    leafC_max        leafC        stemC       crootC         cwdc    FSM_soilw     FSM_icew    FSM_snoww
       123   188.01060486	   0.00000000	   3.75196791	   0.28094989	   0.20335194	   9.01708698	   9.50138855	   0.08788825	         -inf	   0.00000000	   0.00000000	   0.00000000	   0.00000000	   0.00027550	   0.03364225	   0.06639451	   0.10303968	   0.02879289	   0.09923522	   1.15977705	   7.72928143	
       123   185.79113770	  13.80460358	   5.33301497	   0.29138434	   0.44210222	   8.96708107	   9.70056725	   0.09193450	         -inf	   0.00000000	   0.00000000	   0.00000000	   0.00000000	   0.03174642	   0.07671694	   0.13218057	   0.20145829	   0.04819669	   0.07938138	   1.11474121	   7.72476149	
       123   185.01806641	  13.28591442	   4.99192524	   0.25094926	   0.53608561	   8.97698879	   9.76402378	   0.07783516	         -inf	   0.00000000	   0.00000000	   0.00000000	   0.00000000	   0.03320218	   0.08481459	   0.16598287	   0.25208598	   0.04632071	   0.09593130	   1.11515307	   7.71958399	
       123   184.34397888	  89.13893890	   4.51707125	   0.24966490	   0.54237527	   9.00473881	   9.79677868	   0.07767982	         -inf	   0.00000000	   0.00000000	   0.00000000	   0.00000000	   0.01711977	   0.08180893	   0.17619969	   0.26724687	   0.04475237	   0.10729884	   1.13761580	   7.71507168	
       123   184.73963928	   0.00000000	   4.65577793	   0.26203704	   0.54398012	   9.02940369	   9.83542061	   0.08238751	         -inf	   0.00000000	   0.00000000	   0.00000000	   0.00000000	   0.01332806	   0.08158588	   0.17850819	   0.27055797	   0.04558967	   0.10706107	   1.16486120	   7.71189165	
       123   184.34130859	   0.95515692	   5.02937603	   0.28292164	   0.63086116	   9.04415131	   9.95793438	   0.09011596	         -inf	   0.00000000	   0.00000000	   0.00000000	   0.00000000	   0.03544427	   0.09435495	   0.19922006	   0.30184191	   0.04684148	   0.10419675	   1.18302488	   7.71008825	
       123   184.39285278	   9.03550625	   4.79021931	   0.23647097	   0.61869675	   9.09067059	   9.94583797	   0.07383823	         -inf	   0.00000000	   0.00000000	   0.00000000	   0.00000000	   0.00529873	   0.08906858	   0.20849177	   0.31583768	   0.04350883	   0.12604359	   1.21181393	   7.70930386	
       123   185.31509399	   0.00000000	   4.62126160	   0.27016839	   0.62937421	   9.11688328	  10.01642513	   0.08611815	         -inf	   0.00000000	   0.00000000	   0.00000000	   0.00000000	   0.02387117	   0.09091216	   0.20463154	   0.30995935	   0.04590139	   0.11208141	   1.24829125	   7.71060896	
       123   184.46208191	   0.00000000	   4.76494741	   0.24346308	   0.65418881	   9.15189743	  10.04955006	   0.07686594	         -inf	   0.00000000	   0.00000000	   0.00000000	   0.00000000	   0.03695909	   0.09459960	   0.20783558	   0.31479454	   0.04634911	   0.11259972	   1.27967656	   7.71327257	
       123   184.34416199	  21.59049225	   4.31937790	   0.23570161	   0.58064950	   9.20209694	  10.01844788	   0.07435586	         -inf	   0.00000000	   0.00000000	   0.00000000	   0.00000000	   0.00110853	   0.07876839	   0.19914699	   0.30162561	   0.03721199	   0.13465625	   1.31287146	   7.71735764	
       123   185.93063354	   0.00000000	   4.82155514	   0.28271776	   0.62783897	   9.21664429	  10.12720108	   0.09136242	         -inf	   0.00000000	   0.00000000	   0.00000000	   0.00000000	   0.03251294	   0.09169450	   0.20028645	   0.30334505	   0.04685555	   0.10912579	   1.33718991	   7.72347307	
       plotID    soilWater     soilSnow          LAI         vegC        litrC        soilC       totalC    leafC_sum    leafC_max        leafC        stemC       crootC         cwdc    FSM_soilw     FSM_icew    FSM_snoww
       123   188.01060486	   0.00000000	   3.75196791	   0.28094989	   0.20335194	   9.01708698	   9.50138855	   0.08788825	         -inf	   0.00000000	   0.00000000	   0.00000000	   0.00000000	   0.00027550	   0.03364225	   0.06639451	   0.10303968	   0.02879289	   0.09923522	   1.15977705	   7.72928143	
       123   185.79113770	  13.80460358	   5.33301497	   0.29138434	   0.44210222	   8.96708107	   9.70056725	   0.09193450	         -inf	   0.00000000	   0.00000000	   0.00000000	   0.00000000	   0.03174642	   0.07671694	   0.13218057	   0.20145829	   0.04819669	   0.07938138	   1.11474121	   7.72476149	
       123   185.01806641	  13.28591442	   4.99192524	   0.25094926	   0.53608561	   8.97698879	   9.76402378	   0.07783516	         -inf	   0.00000000	   0.00000000	   0.00000000	   0.00000000	   0.03320218	   0.08481459	   0.16598287	   0.25208598	   0.04632071	   0.09593130	   1.11515307	   7.71958399	
       123   184.34397888	  89.13893890	   4.51707125	   0.24966490	   0.54237527	   9.00473881	   9.79677868	   0.07767982	         -inf	   0.00000000	   0.00000000	   0.00000000	   0.00000000	   0.01711977	   0.08180893	   0.17619969	   0.26724687	   0.04475237	   0.10729884	   1.13761580	   7.71507168	
       123   184.73963928	   0.00000000	   4.65577793	   0.26203704	   0.54398012	   9.02940369	   9.83542061	   0.08238751	         -inf	   0.00000000	   0.00000000	   0.00000000	   0.00000000	   0.01332806	   0.08158588	   0.17850819	   0.27055797	   0.04558967	   0.10706107	   1.16486120	   7.71189165	
       123   184.34130859	   0.95515692	   5.02937603	   0.28292164	   0.63086116	   9.04415131	   9.95793438	   0.09011596	         -inf	   0.00000000	   0.00000000	   0.00000000	   0.00000000	   0.03544427	   0.09435495	   0.19922006	   0.30184191	   0.04684148	   0.10419675	   1.18302488	   7.71008825	
       123   184.39285278	   9.03550625	   4.79021931	   0.23647097	   0.61869675	   9.09067059	   9.94583797	   0.07383823	         -inf	   0.00000000	   0.00000000	   0.00000000	   0.00000000	   0.00529873	   0.08906858	   0.20849177	   0.31583768	   0.04350883	   0.12604359	   1.21181393	   7.70930386	
       123   185.31509399	   0.00000000	   4.62126160	   0.27016839	   0.62937421	   9.11688328	  10.01642513	   0.08611815	         -inf	   0.00000000	   0.00000000	   0.00000000	   0.00000000	   0.02387117	   0.09091216	   0.20463154	   0.30995935	   0.04590139	   0.11208141	   1.24829125	   7.71060896	
       123   184.46208191	   0.00000000	   4.76494741	   0.24346308	   0.65418881	   9.15189743	  10.04955006	   0.07686594	         -inf	   0.00000000	   0.00000000	   0.00000000	   0.00000000	   0.03695909	   0.09459960	   0.20783558	   0.31479454	   0.04634911	   0.11259972	   1.27967656	   7.71327257	
       123   184.34416199	  21.59049225	   4.31937790	   0.23570161	   0.58064950	   9.20209694	  10.01844788	   0.07435586	         -inf	   0.00000000	   0.00000000	   0.00000000	   0.00000000	   0.00110853	   0.07876839	   0.19914699	   0.30162561	   0.03721199	   0.13465625	   1.31287146	   7.71735764	
       123   185.93063354	   0.00000000	   4.82155514	   0.28271776	   0.62783897	   9.21664429	  10.12720108	   0.09136242	         -inf	   0.00000000	   0.00000000	   0.00000000	   0.00000000	   0.03251294	   0.09169450	   0.20028645	   0.30334505	   0.04685555	   0.10912579	   1.33718991	   7.72347307	
       plotID    soilWater     soilSnow          LAI         vegC        litrC        soilC       totalC    leafC_sum    leafC_max        leafC        stemC       crootC         cwdc    FSM_soilw     FSM_icew    FSM_snoww
       123   188.01060486	   0.00000000	   3.75196791	   0.28094989	   0.20335194	   9.01708698	   9.50138855	   0.08788825	         -inf	   0.00000000	   0.00000000	   0.00000000	   0.00000000	   0.00027550	   0.03364225	   0.06639451	   0.10303968	   0.02879289	   0.09923522	   1.15977705	   7.72928143	
       123   185.79113770	  13.80460358	   5.33301497	   0.29138434	   0.44210222	   8.96708107	   9.70056725	   0.09193450	         -inf	   0.00000000	   0.00000000	   0.00000000	   0.00000000	   0.03174642	   0.07671694	   0.13218057	   0.20145829	   0.04819669	   0.07938138	   1.11474121	   7.72476149	
       123   185.01806641	  13.28591442	   4.99192524	   0.25094926	   0.53608561	   8.97698879	   9.76402378	   0.07783516	         -inf	   0.00000000	   0.00000000	   0.00000000	   0.00000000	   0.03320218	   0.08481459	   0.16598287	   0.25208598	   0.04632071	   0.09593130	   1.11515307	   7.71958399	
       123   184.34397888	  89.13893890	   4.51707125	   0.24966490	   0.54237527	   9.00473881	   9.79677868	   0.07767982	         -inf	   0.00000000	   0.00000000	   0.00000000	   0.00000000	   0.01711977	   0.08180893	   0.17619969	   0.26724687	   0.04475237	   0.10729884	   1.13761580	   7.71507168	
       123   184.73963928	   0.00000000	   4.65577793	   0.26203704	   0.54398012	   9.02940369	   9.83542061	   0.08238751	         -inf	   0.00000000	   0.00000000	   0.00000000	   0.00000000	   0.01332806	   0.08158588	   0.17850819	   0.27055797	   0.04558967	   0.10706107	   1.16486120	   7.71189165	
       123   184.34130859	   0.95515692	   5.02937603	   0.28292164	   0.63086116	   9.04415131	   9.95793438	   0.09011596	         -inf	   0.00000000	   0.00000000	   0.00000000	   0.00000000	   0.03544427	   0.09435495	   0.19922006	   0.30184191	   0.04684148	   0.10419675	   1.18302488	   7.71008825	
       123   184.39285278	   9.03550625	   4.79021931	   0.23647097	   0.61869675	   9.09067059	   9.94583797	   0.07383823	         -inf	   0.00000000	   0.00000000	   0.00000000	   0.00000000	   0.00529873	   0.08906858	   0.20849177	   0.31583768	   0.04350883	   0.12604359	   1.21181393	   7.70930386	
       123   185.31509399	   0.00000000	   4.62126160	   0.27016839	   0.62937421	   9.11688328	  10.01642513	   0.08611815	         -inf	   0.00000000	   0.00000000	   0.00000000	   0.00000000	   0.02387117	   0.09091216	   0.20463154	   0.30995935	   0.04590139	   0.11208141	   1.24829125	   7.71060896	
       123   184.46208191	   0.00000000	   4.76494741	   0.24346308	   0.65418881	   9.15189743	  10.04955006	   0.07686594	         -inf	   0.00000000	   0.00000000	   0.00000000	   0.00000000	   0.03695909	   0.09459960	   0.20783558	   0.31479454	   0.04634911	   0.11259972	   1.27967656	   7.71327257	
       123   184.34416199	  21.59049225	   4.31937790	   0.23570161	   0.58064950	   9.20209694	  10.01844788	   0.07435586	         -inf	   0.00000000	   0.00000000	   0.00000000	   0.00000000	   0.00110853	   0.07876839	   0.19914699	   0.30162561	   0.03721199	   0.13465625	   1.31287146	   7.71735764	
       123   185.93063354	   0.00000000	   4.82155514	   0.28271776	   0.62783897	   9.21664429	  10.12720108	   0.09136242	         -inf	   0.00000000	   0.00000000	   0.00000000	   0.00000000	   0.03251294	   0.09169450	   0.20028645	   0.30334505	   0.04685555	   0.10912579	   1.33718991	   7.72347307	
       plotID    soilWater     soilSnow          LAI         vegC        litrC        soilC       totalC    leafC_sum    leafC_max        leafC        stemC       crootC         cwdc    FSM_soilw     FSM_icew    FSM_snoww
       123   188.01060486	   0.00000000	   3.75196791	   0.28094989	   0.20335194	   9.01708698	   9.50138855	   0.08788825	   0.00000000	   0.00000000	   0.00000000	   0.00000000	   0.00000000	   0.00027550	   0.03364225	   0.06639451	   0.10303968	   0.02879289	   0.09923522	   1.15977705	   7.72928143	
       123   185.79113770	  13.80460358	   5.33301497	   0.29138434	   0.44210222	   8.96708107	   9.70056725	   0.09193450	   0.00000000	   0.00000000	   0.00000000	   0.00000000	   0.00000000	   0.03174642	   0.07671694	   0.13218057	   0.20145829	   0.04819669	   0.07938138	   1.11474121	   7.72476149	
       123   185.01806641	  13.28591442	   4.99192524	   0.25094926	   0.53608561	   8.97698879	   9.76402378	   0.07783516	   0.00000000	   0.00000000	   0.00000000	   0.00000000	   0.00000000	   0.03320218	   0.08481459	   0.16598287	   0.25208598	   0.04632071	   0.09593130	   1.11515307	   7.71958399	
       123   184.34397888	  89.13893890	   4.51707125	   0.24966490	   0.54237527	   9.00473881	   9.79677868	   0.07767982	   0.00000000	   0.00000000	   0.00000000	   0.00000000	   0.00000000	   0.01711977	   0.08180893	   0.17619969	   0.26724687	   0.04475237	   0.10729884	   1.13761580	   7.71507168	
       123   184.73963928	   0.00000000	   4.65577793	   0.26203704	   0.54398012	   9.02940369	   9.83542061	   0.08238751	   0.00000000	   0.00000000	   0.00000000	   0.00000000	   0.00000000	   0.01332806	   0.08158588	   0.17850819	   0.27055797	   0.04558967	   0.10706107	   1.16486120	   7.71189165	
       123   184.34130859	   0.95515692	   5.02937603	   0.28292164	   0.63086116	   9.04415131	   9.95793438	   0.09011596	   0.00000000	   0.00000000	   0.00000000	   0.00000000	   0.00000000	   0.03544427	   0.09435495	   0.19922006	   0.30184191	   0.04684148	   0.10419675	   1.18302488	   7.71008825	
       123   184.39285278	   9.03550625	   4.79021931	   0.23647097	   0.61869675	   9.09067059	   9.94583797	   0.07383823	   0.00000000	   0.00000000	   0.00000000	   0.00000000	   0.00000000	   0.00529873	   0.08906858	   0.20849177	   0.31583768	   0.04350883	   0.12604359	   1.21181393	   7.70930386	
       123   185.31509399	   0.00000000	   4.62126160	   0.27016839	   0.62937421	   9.11688328	  10.01642513	   0.08611815	   0.00000000	   0.00000000	   0.00000000	   0.00000000	   0.00000000	   0.02387117	   0.09091216	   0.20463154	   0.30995935	   0.04590139	   0.11208141	   1.24829125	   7.71060896	
       123   184.46208191	   0.00000000	   4.76494741	   0.24346308	   0.65418881	   9.15189743	  10.04955006	   0.07686594	   0.00000000	   0.00000000	   0.00000000	   0.00000000	   0.00000000	   0.03695909	   0.09459960	   0.20783558	   0.31479454	   0.04634911	   0.11259972	   1.27967656	   7.71327257	
       123   184.34416199	  21.59049225	   4.31937790	   0.23570161	   0.58064950	   9.20209694	  10.01844788	   0.07435586	   0.00000000	   0.00000000	   0.00000000	   0.00000000	   0.00000000	   0.00110853	   0.07876839	   0.19914699	   0.30162561	   0.03721199	   0.13465625	   1.31287146	   7.71735764	
       123   185.93063354	   0.00000000	   4.82155514	   0.28271776	   0.62783897	   9.21664429	  10.12720108	   0.09136242	   0.00000000	   0.00000000	   0.00000000	   0.00000000	   0.00000000	   0.03251294	   0.09169450	   0.20028645	   0.30334505	   0.04685555	   0.10912579	   1.33718991	   7.72347307	
       plotID    soilWater     soilSnow          LAI         vegC        litrC        soilC       totalC    leafC_sum    leafC_max        leafC        stemC       crootC         cwdc    FSM_soilw     FSM_icew    FSM_snoww
       123   188.01062012	   0.00000000	   4.93666220	   0.38030422	   0.38347208	   8.98312378	   9.74690056	   0.12338425	   0.00000000	   0.00000000	   0.00000000	   0.00000000	   0.00000000	   0.07255500	   0.06742086	   0.09582017	   0.14767604	   0.03693757	   0.06963074	   1.14733744	   7.72921848	
       123   185.79113770	  13.80460358	   6.74714422	   0.31434816	   0.65456748	   8.96968842	   9.93860435	   0.10016433	   0.00000000	   0.00000000	   0.00000000	   0.00000000	   0.00000000	   0.09581675	   0.10614122	   0.17941357	   0.27319592	   0.04515382	   0.08481876	   1.11545253	   7.72426319	
       123   185.01805115	  13.28591442	   5.74866819	   0.29788440	   0.77726811	   8.98968029	  10.06483269	   0.09457862	   0.00000000	   0.00000000	   0.00000000	   0.00000000	   0.00000000	   0.08260312	   0.11673392	   0.22944270	   0.34848836	   0.04157487	   0.10663234	   1.12256074	   7.71891260	
       123   184.34397888	  89.18106079	   5.52040482	   0.29235291	   0.86093700	   9.01563931	  10.16892910	   0.09289259	   0.00000000	   0.00000000	   0.00000000	   0.00000000	   0.00000000	   0.08153809	   0.12304367	   0.26075706	   0.39559820	   0.03955144	   0.11207529	   1.14947248	   7.71454048	
       123   184.73963928	   0.00000000	   5.36903334	   0.28635189	   0.89462066	   9.04853058	  10.22950268	   0.09104060	   0.00000000	   0.00000000	   0.00000000	   0.00000000	   0.00000000	   0.06968234	   0.12505598	   0.27815476	   0.42172760	   0.04130665	   0.11266213	   1.18287969	   7.71168184	
       123   184.34130859	   0.95515692	   5.27083063	   0.28219992	   0.95277196	   9.08043575	  10.31540775	   0.08984084	   0.00000000	   0.00000000	   0.00000000	   0.00000000	   0.00000000	   0.05942225	   0.13290824	   0.30228829	   0.45815313	   0.04334823	   0.11746921	   1.20906317	   7.71055508	
       123   184.39285278	   9.03550625	   5.26479864	   0.28275964	   1.01215720	   9.11120033	  10.40611744	   0.09031267	   0.00000000	   0.00000000	   0.00000000	   0.00000000	   0.00000000	   0.07505298	   0.13756558	   0.31787392	   0.48166475	   0.03907089	   0.11747497	   1.24363232	   7.71102238	
       123   185.31509399	   0.00000000	   4.96582747	   0.25296685	   0.99136418	   9.15890408	  10.40323448	   0.07996436	   0.00000000	   0.00000000	   0.00000000	   0.00000000	   0.00000000	   0.04300356	   0.13458973	   0.32356030	   0.49021062	   0.04384222	   0.12399404	   1.27777898	   7.71328831	
       123   184.46208191	   0.00000000	   4.63703299	   0.25238898	   0.98654270	   9.19892597	  10.43785763	   0.08001977	   0.00000000	   0.00000000	   0.00000000	   0.00000000	   0.00000000	   0.05537453	   0.13028917	   0.31845322	   0.48242581	   0.04047159	   0.12150370	   1.31964719	   7.71730328	
       123   184.34416199	  21.59049225	   4.70871973	   0.26459751	   0.97312063	   9.23845959	  10.47617817	   0.08462757	   0.00000000	   0.00000000	   0.00000000	   0.00000000	   0.00000000	   0.03809133	   0.13024530	   0.32001984	   0.48476416	   0.04326234	   0.12369774	   1.34832788	   7.72317171	
       123   185.93063354	   0.00000000	   5.11764669	   0.27556458	   0.99698299	   9.26856899	  10.54111576	   0.08878465	   0.00000000	   0.00000000	   0.00000000	   0.00000000	   0.00000000	   0.08452706	   0.13052125	   0.31094453	   0.47099015	   0.03584162	   0.11316463	   1.38848734	   7.73107481	
