  -0.00002342	  -0.00002342	  -0.00002342	   0.00002058	   0.00004400	   0.00000000	   0.00000000	   0.00000000	   0.01170094	   0.00002962	
  -0.00002619	  -0.00002619	  -0.00002619	   0.00002388	   0.00005007	   0.00000000	   0.00000000	   0.00000000	   0.00016944	   0.00005064	
  -0.00004606	  -0.00004606	  -0.00004606	   0.00003487	   0.00008093	   0.00000000	   0.00000000	   0.00000000	   0.00010421	   0.00010524	
  -0.00004822	  -0.00004822	  -0.00004822	   0.00003896	   0.00008718	   0.00000000	   0.00000000	   0.00747017	   0.18924689	   0.00011043	
   0.00009763	   0.00002479	   0.00002479	   0.00026215	   0.00011991	   0.00004460	   0.00007284	   0.04377167	   0.34465975	   0.00518623	
   0.00101963	   0.00043894	   0.00043894	   0.00147295	   0.00015211	   0.00030121	   0.00058069	   0.17191669	   1.12907898	   0.02733566	
   0.00133116	   0.00067530	   0.00067530	   0.00194095	   0.00021474	   0.00039505	   0.00065586	   0.18747514	   0.94137210	   0.02855066	
   0.00182563	   0.00119138	   0.00119138	   0.00265943	   0.00029006	   0.00054374	   0.00063426	   0.16229704	   0.71485913	   0.05119871	
   0.00193539	   0.00139625	   0.00139625	   0.00285257	   0.00034019	   0.00057699	   0.00053914	   0.07678748	   0.38026792	   0.06466643	
   0.00122756	   0.00089342	   0.00089342	   0.00187206	   0.00027957	   0.00036493	   0.00033414	   0.05019018	   0.15576106	   0.02614851	
   0.00056806	   0.00040930	   0.00040930	   0.00092414	   0.00018872	   0.00016735	   0.00015876	   0.00000000	   0.00018846	   0.00040374	
   0.00032078	   0.00022570	   0.00022570	   0.00056974	   0.00015452	   0.00009444	   0.00009508	   0.00000000	   0.00003731	   0.00009351	
   0.00023951	   0.00012590	   0.00012590	   0.00048009	   0.00016810	   0.00007248	   0.00011361	   0.00000000	   0.00001771	   0.00014661	
   0.00045460	   0.00028809	   0.00028809	   0.00079378	   0.00020555	   0.00013364	   0.00016651	   0.00000000	   0.00001248	   0.00149063	
   0.00094928	   0.00072453	   0.00072453	   0.00150846	   0.00027692	   0.00028226	   0.00022475	   0.00000000	   0.00001143	   0.01084018	
   0.00114505	   0.00083190	   0.00083190	   0.00185221	   0.00036596	   0.00034119	   0.00031315	   0.02140926	   0.06695668	   0.04083024	
   0.00130575	   0.00096873	   0.00096873	   0.00215579	   0.00046044	   0.00038959	   0.00033702	   0.09231577	   0.25698251	   0.09448949	
   0.00188682	   0.00129566	   0.00129566	   0.00316519	   0.00071429	   0.00056408	   0.00059116	   0.43261555	   0.51562637	   0.13395260	
   0.00213284	   0.00147214	   0.00147214	   0.00366521	   0.00089433	   0.00063804	   0.00066071	   0.45567748	   0.38087484	   0.13162072	
   0.00213263	   0.00151519	   0.00151519	   0.00371145	   0.00094069	   0.00063813	   0.00061744	   0.85535270	   0.41224521	   0.06937700	
   0.00183321	   0.00134270	   0.00134270	   0.00329766	   0.00091602	   0.00054843	   0.00049051	   0.24060872	   0.21758477	   0.11683195	
   0.00132286	   0.00098906	   0.00098906	   0.00242283	   0.00070451	   0.00039545	   0.00033381	   0.13705470	   0.10813879	   0.04920311	
   0.00075325	   0.00055309	   0.00055309	   0.00149065	   0.00051272	   0.00022468	   0.00020016	   0.00000000	   0.00052170	   0.00312362	
   0.00053506	   0.00039736	   0.00039736	   0.00111455	   0.00041689	   0.00016260	   0.00013770	   0.00000000	   0.00004152	   0.00024624	
  -0.00003511	  -0.00003511	  -0.00003511	   0.00000889	   0.00004400	   0.00000000	   0.00000000	   0.00000000	   0.01170094	   0.00002962	
  -0.00003919	  -0.00003919	  -0.00003919	   0.00001088	   0.00005007	   0.00000000	   0.00000000	   0.00000000	   0.00016944	   0.00005064	
  -0.00006378	  -0.00006378	  -0.00006378	   0.00001715	   0.00008093	   0.00000000	   0.00000000	   0.00000000	   0.00010421	   0.00010524	
  -0.00006657	  -0.00006657	  -0.00006657	   0.00002062	   0.00008718	   0.00000000	   0.00000000	   0.00747017	   0.18924689	   0.00011043	
   0.00000998	  -0.00006494	  -0.00006494	   0.00015315	   0.00011971	   0.00002346	   0.00007493	   0.04369571	   0.34478492	   0.00513884	
   0.00051324	  -0.00006621	  -0.00006621	   0.00080176	   0.00014108	   0.00014744	   0.00057945	   0.16026539	   1.13861072	   0.02541688	
   0.00056853	  -0.00008663	  -0.00008663	   0.00090929	   0.00017622	   0.00016455	   0.00065516	   0.15395547	   0.97535872	   0.02396813	
   0.00066051	   0.00002633	   0.00002633	   0.00106157	   0.00020842	   0.00019263	   0.00063418	   0.11765732	   0.75480258	   0.03838873	
   0.00066858	   0.00012176	   0.00012176	   0.00108022	   0.00021614	   0.00019549	   0.00054682	   0.04794344	   0.44319040	   0.04419832	
   0.00035025	   0.00001453	   0.00001453	   0.00061425	   0.00016359	   0.00010040	   0.00033573	   0.03006209	   0.18621749	   0.01691684	
   0.00009774	  -0.00005842	  -0.00005842	   0.00022913	   0.00010486	   0.00002654	   0.00015616	   0.00000000	   0.00023326	   0.00024878	
   0.00004008	  -0.00005344	  -0.00005344	   0.00013408	   0.00008366	   0.00001033	   0.00009352	   0.00000000	   0.00004699	   0.00005499	
   0.00001416	  -0.00009214	  -0.00009214	   0.00010828	   0.00008808	   0.00000604	   0.00010630	   0.00000000	   0.00002266	   0.00008500	
   0.00007832	  -0.00007264	  -0.00007264	   0.00020228	   0.00010363	   0.00002033	   0.00015096	   0.00000000	   0.00001626	   0.00085063	
   0.00042524	   0.00019912	   0.00019912	   0.00068273	   0.00013377	   0.00012373	   0.00022612	   0.00000000	   0.00001603	   0.00605765	
   0.00051802	   0.00021390	   0.00021390	   0.00084311	   0.00017322	   0.00015187	   0.00030413	   0.00996871	   0.09470143	   0.02275183	
   0.00101488	   0.00067072	   0.00067072	   0.00153700	   0.00022090	   0.00030121	   0.00034417	   0.04550346	   0.33058062	   0.05451651	
   0.00112763	   0.00056097	   0.00056097	   0.00181045	   0.00034752	   0.00033530	   0.00056666	   0.21489507	   0.69902956	   0.08163390	
   0.00120694	   0.00057596	   0.00057596	   0.00200562	   0.00043935	   0.00035933	   0.00063099	   0.24109356	   0.60808992	   0.08212666	
   0.00141745	   0.00081726	   0.00081726	   0.00230777	   0.00046761	   0.00042271	   0.00060019	   0.48226964	   0.65267247	   0.04664420	
   0.00143350	   0.00094936	   0.00094936	   0.00232994	   0.00046872	   0.00042772	   0.00048414	   0.13121742	   0.30398375	   0.07850098	
   0.00074465	   0.00043286	   0.00043286	   0.00133067	   0.00036476	   0.00022126	   0.00031179	   0.07783607	   0.18453068	   0.03366222	
   0.00018832	   0.00002361	   0.00002361	   0.00050731	   0.00026062	   0.00005837	   0.00016471	   0.00000000	   0.00093673	   0.00208499	
   0.00006521	  -0.00004034	  -0.00004034	   0.00029685	   0.00020759	   0.00002405	   0.00010555	   0.00000000	   0.00007154	   0.00014977	
  -0.00002278	  -0.00002278	  -0.00002278	   0.00002122	   0.00004400	   0.00000000	   0.00000000	   0.00000000	   0.01170094	   0.00002962	
  -0.00002571	  -0.00002571	  -0.00002571	   0.00002436	   0.00005007	   0.00000000	   0.00000000	   0.00000000	   0.00016944	   0.00005064	
  -0.00004530	  -0.00004530	  -0.00004530	   0.00003564	   0.00008093	   0.00000000	   0.00000000	   0.00000000	   0.00010421	   0.00010524	
  -0.00004791	  -0.00004791	  -0.00004791	   0.00003927	   0.00008718	   0.00000000	   0.00000000	   0.00747017	   0.18924689	   0.00011043	
   0.00010120	   0.00002956	   0.00002956	   0.00026676	   0.00011992	   0.00004564	   0.00007164	   0.04377364	   0.34465379	   0.00518919	
   0.00113873	   0.00055758	   0.00055758	   0.00163001	   0.00015428	   0.00033700	   0.00058115	   0.17409202	   1.12731159	   0.02771957	
   0.00142641	   0.00077022	   0.00077022	   0.00207150	   0.00022142	   0.00042367	   0.00065619	   0.19323522	   0.93562776	   0.02932139	
   0.00187580	   0.00124229	   0.00124229	   0.00273551	   0.00030088	   0.00055884	   0.00063351	   0.16824785	   0.70976335	   0.05278977	
   0.00192665	   0.00138501	   0.00138501	   0.00285178	   0.00035072	   0.00057441	   0.00054165	   0.07915340	   0.37667790	   0.06627838	
   0.00109106	   0.00075516	   0.00075516	   0.00170239	   0.00028584	   0.00032549	   0.00033590	   0.05134763	   0.15434615	   0.02661796	
  -0.00005941	  -0.00021823	  -0.00021823	   0.00013775	   0.00018596	   0.00001120	   0.00015882	   0.00000000	   0.00018890	   0.00040191	
  -0.00007782	  -0.00017317	  -0.00017317	   0.00006967	   0.00014749	   0.00000000	   0.00009535	   0.00000000	   0.00003814	   0.00008999	
  -0.00007018	  -0.00018275	  -0.00018275	   0.00008792	   0.00015596	   0.00000215	   0.00011257	   0.00000000	   0.00001837	   0.00013838	
   0.00002850	  -0.00013890	  -0.00013890	   0.00024619	   0.00018699	   0.00003070	   0.00016740	   0.00000000	   0.00001309	   0.00138513	
   0.00056940	   0.00031776	   0.00031776	   0.00098875	   0.00024443	   0.00017492	   0.00025165	   0.00000000	   0.00001222	   0.00987122	
   0.00110384	   0.00078930	   0.00078930	   0.00174983	   0.00032063	   0.00032535	   0.00031455	   0.01880996	   0.07243185	   0.03716649	
   0.00133814	   0.00099688	   0.00099688	   0.00213598	   0.00040714	   0.00039070	   0.00034126	   0.08216058	   0.27208915	   0.08704814	
   0.00196752	   0.00139852	   0.00139852	   0.00318832	   0.00064044	   0.00058037	   0.00056900	   0.39033452	   0.54758322	   0.12560591	
   0.00218352	   0.00153806	   0.00153806	   0.00364218	   0.00081269	   0.00064597	   0.00064546	   0.42004877	   0.43873692	   0.12466668	
   0.00213048	   0.00150314	   0.00150314	   0.00362356	   0.00086228	   0.00063080	   0.00062735	   0.80058998	   0.44463411	   0.06677542	
   0.00184337	   0.00134767	   0.00134767	   0.00323353	   0.00084483	   0.00054533	   0.00049570	   0.22398019	   0.22059564	   0.11240022	
   0.00123109	   0.00089416	   0.00089416	   0.00225500	   0.00065243	   0.00037148	   0.00033694	   0.12858357	   0.11600818	   0.04748621	
  -0.00001050	  -0.00021957	  -0.00021957	   0.00051864	   0.00046981	   0.00005933	   0.00020907	   0.00000000	   0.00057123	   0.00299560	
  -0.00019981	  -0.00033433	  -0.00033433	   0.00017467	   0.00037447	   0.00000000	   0.00013452	   0.00000000	   0.00004663	   0.00022978	
  -0.00003511	  -0.00003511	  -0.00003511	   0.00000889	   0.00004400	   0.00000000	   0.00000000	   0.00000000	   0.01170094	   0.00002962	
  -0.00003919	  -0.00003919	  -0.00003919	   0.00001088	   0.00005007	   0.00000000	   0.00000000	   0.00000000	   0.00016944	   0.00005064	
  -0.00006378	  -0.00006378	  -0.00006378	   0.00001715	   0.00008093	   0.00000000	   0.00000000	   0.00000000	   0.00010421	   0.00010524	
  -0.00006657	  -0.00006657	  -0.00006657	   0.00002062	   0.00008718	   0.00000000	   0.00000000	   0.00747017	   0.18924689	   0.00011043	
   0.00000998	  -0.00006494	  -0.00006494	   0.00015315	   0.00011971	   0.00002346	   0.00007493	   0.04369571	   0.34478492	   0.00513884	
   0.00051324	  -0.00006621	  -0.00006621	   0.00080176	   0.00014108	   0.00014744	   0.00057945	   0.16026539	   1.13861072	   0.02541688	
   0.00056853	  -0.00008663	  -0.00008663	   0.00090929	   0.00017622	   0.00016455	   0.00065516	   0.15395547	   0.97535872	   0.02396813	
   0.00066051	   0.00002633	   0.00002633	   0.00106157	   0.00020842	   0.00019263	   0.00063418	   0.11765732	   0.75480258	   0.03838873	
   0.00066858	   0.00012176	   0.00012176	   0.00108022	   0.00021614	   0.00019549	   0.00054682	   0.04794344	   0.44319040	   0.04419832	
   0.00035025	   0.00001453	   0.00001453	   0.00061425	   0.00016359	   0.00010040	   0.00033573	   0.03006209	   0.18621749	   0.01691684	
   0.00009774	  -0.00005842	  -0.00005842	   0.00022913	   0.00010486	   0.00002654	   0.00015616	   0.00000000	   0.00023326	   0.00024878	
   0.00004008	  -0.00005344	  -0.00005344	   0.00013408	   0.00008366	   0.00001033	   0.00009352	   0.00000000	   0.00004699	   0.00005499	
   0.00004690	  -0.00005940	  -0.00005940	   0.00014862	   0.00008823	   0.00001348	   0.00010631	   0.00000000	   0.00002264	   0.00008511	
   0.00011118	  -0.00003979	  -0.00003979	   0.00024504	   0.00010439	   0.00002947	   0.00015097	   0.00000000	   0.00001623	   0.00085601	
   0.00028064	   0.00005450	   0.00005450	   0.00049528	   0.00013405	   0.00008059	   0.00022614	   0.00000000	   0.00001601	   0.00605177	
   0.00049942	   0.00019531	   0.00019531	   0.00081698	   0.00017105	   0.00014652	   0.00030411	   0.00984315	   0.09507921	   0.02250609	
   0.00075366	   0.00040842	   0.00040842	   0.00118814	   0.00021143	   0.00022305	   0.00034524	   0.04375052	   0.33341411	   0.05244435	
   0.00126376	   0.00069763	   0.00069763	   0.00197511	   0.00033502	   0.00037633	   0.00056614	   0.20642875	   0.70679086	   0.07936813	
   0.00146033	   0.00082964	   0.00082964	   0.00233117	   0.00043531	   0.00043552	   0.00063069	   0.24021710	   0.60918945	   0.08131130	
   0.00134140	   0.00074139	   0.00074139	   0.00220821	   0.00046675	   0.00040005	   0.00060001	   0.48157975	   0.65319264	   0.04656580	
   0.00138620	   0.00090221	   0.00090221	   0.00226414	   0.00046426	   0.00041368	   0.00048399	   0.13014558	   0.30513492	   0.07796606	
   0.00080416	   0.00049246	   0.00049246	   0.00140631	   0.00036290	   0.00023925	   0.00031170	   0.07752106	   0.18490812	   0.03353214	
   0.00041613	   0.00025145	   0.00025145	   0.00080028	   0.00026116	   0.00012300	   0.00016467	   0.00000000	   0.00093714	   0.00208487	
   0.00024096	   0.00013538	   0.00013538	   0.00052341	   0.00021186	   0.00007059	   0.00010558	   0.00000000	   0.00007074	   0.00015214	
  -0.00003511	  -0.00003511	  -0.00003511	   0.00000889	   0.00004400	   0.00000000	   0.00000000	   0.00000000	   0.01170094	   0.00002962	
  -0.00003919	  -0.00003919	  -0.00003919	   0.00001088	   0.00005007	   0.00000000	   0.00000000	   0.00000000	   0.00016944	   0.00005064	
  -0.00006378	  -0.00006378	  -0.00006378	   0.00001715	   0.00008093	   0.00000000	   0.00000000	   0.00000000	   0.00010421	   0.00010524	
  -0.00006657	  -0.00006657	  -0.00006657	   0.00002062	   0.00008718	   0.00000000	   0.00000000	   0.00747017	   0.18924689	   0.00011043	
   0.00000998	  -0.00006494	  -0.00006494	   0.00015315	   0.00011971	   0.00002346	   0.00007493	   0.04369571	   0.34478492	   0.00513884	
   0.00051324	  -0.00006621	  -0.00006621	   0.00080176	   0.00014108	   0.00014744	   0.00057945	   0.16026539	   1.13861072	   0.02541688	
   0.00056853	  -0.00008663	  -0.00008663	   0.00090929	   0.00017622	   0.00016455	   0.00065516	   0.15395547	   0.97535872	   0.02396813	
   0.00066051	   0.00002633	   0.00002633	   0.00106157	   0.00020842	   0.00019263	   0.00063418	   0.11765732	   0.75480258	   0.03838873	
   0.00066858	   0.00012176	   0.00012176	   0.00108022	   0.00021614	   0.00019549	   0.00054682	   0.04794344	   0.44319040	   0.04419832	
   0.00035025	   0.00001453	   0.00001453	   0.00061425	   0.00016359	   0.00010040	   0.00033573	   0.03006209	   0.18621749	   0.01691684	
   0.00009774	  -0.00005842	  -0.00005842	   0.00022913	   0.00010486	   0.00002654	   0.00015616	   0.00000000	   0.00023326	   0.00024878	
   0.00004008	  -0.00005344	  -0.00005344	   0.00013408	   0.00008366	   0.00001033	   0.00009352	   0.00000000	   0.00004699	   0.00005499	
  -0.00003511	  -0.00003511	  -0.00003511	   0.00000889	   0.00004400	   0.00000000	   0.00000000	   0.00000000	   0.01170094	   0.00002962	
  -0.00003919	  -0.00003919	  -0.00003919	   0.00001088	   0.00005007	   0.00000000	   0.00000000	   0.00000000	   0.00016944	   0.00005064	
  -0.00006378	  -0.00006378	  -0.00006378	   0.00001715	   0.00008093	   0.00000000	   0.00000000	   0.00000000	   0.00010421	   0.00010524	
  -0.00006657	  -0.00006657	  -0.00006657	   0.00002062	   0.00008718	   0.00000000	   0.00000000	   0.00747017	   0.18924689	   0.00011043	
   0.00000998	  -0.00006494	  -0.00006494	   0.00015315	   0.00011971	   0.00002346	   0.00007493	   0.04369571	   0.34478492	   0.00513884	
   0.00051324	  -0.00006621	  -0.00006621	   0.00080176	   0.00014108	   0.00014744	   0.00057945	   0.16026539	   1.13861072	   0.02541688	
   0.00056853	  -0.00008663	  -0.00008663	   0.00090929	   0.00017622	   0.00016455	   0.00065516	   0.15395547	   0.97535872	   0.02396813	
   0.00066051	   0.00002633	   0.00002633	   0.00106157	   0.00020842	   0.00019263	   0.00063418	   0.11765732	   0.75480258	   0.03838873	
   0.00066858	   0.00012176	   0.00012176	   0.00108022	   0.00021614	   0.00019549	   0.00054682	   0.04794344	   0.44319040	   0.04419832	
   0.00035025	   0.00001453	   0.00001453	   0.00061425	   0.00016359	   0.00010040	   0.00033573	   0.03006209	   0.18621749	   0.01691684	
   0.00009774	  -0.00005842	  -0.00005842	   0.00022913	   0.00010486	   0.00002654	   0.00015616	   0.00000000	   0.00023326	   0.00024878	
   0.00004008	  -0.00005344	  -0.00005344	   0.00013408	   0.00008366	   0.00001033	   0.00009352	   0.00000000	   0.00004699	   0.00005499	
  -0.00002342	  -0.00002342	  -0.00002342	   0.00002058	   0.00004400	   0.00000000	   0.00000000	   0.00000000	   0.01170094	   0.00002962	
  -0.00002619	  -0.00002619	  -0.00002619	   0.00002388	   0.00005007	   0.00000000	   0.00000000	   0.00000000	   0.00016944	   0.00005064	
  -0.00004606	  -0.00004606	  -0.00004606	   0.00003487	   0.00008093	   0.00000000	   0.00000000	   0.00000000	   0.00010421	   0.00010524	
  -0.00004822	  -0.00004822	  -0.00004822	   0.00003896	   0.00008718	   0.00000000	   0.00000000	   0.00747017	   0.18924689	   0.00011043	
   0.00009758	   0.00002471	   0.00002471	   0.00026208	   0.00011991	   0.00004459	   0.00007287	   0.04377163	   0.34465981	   0.00518620	
   0.00101572	   0.00043506	   0.00043506	   0.00146784	   0.00015208	   0.00030004	   0.00058067	   0.17188935	   1.12910032	   0.02733010	
   0.00132805	   0.00067220	   0.00067220	   0.00193667	   0.00021451	   0.00039411	   0.00065585	   0.18727140	   0.94157380	   0.02852413	
   0.00181428	   0.00117986	   0.00117986	   0.00264409	   0.00028947	   0.00054034	   0.00063443	   0.16197173	   0.71513957	   0.05111352	
   0.00193288	   0.00139314	   0.00139314	   0.00284852	   0.00033940	   0.00057623	   0.00053974	   0.07660951	   0.38054082	   0.06454537	
   0.00122635	   0.00089222	   0.00089222	   0.00186990	   0.00027899	   0.00036456	   0.00033413	   0.05008555	   0.15588428	   0.02610624	
   0.00056730	   0.00040859	   0.00040859	   0.00092275	   0.00018834	   0.00016712	   0.00015870	   0.00000000	   0.00018865	   0.00040310	
   0.00032026	   0.00022521	   0.00022521	   0.00056875	   0.00015421	   0.00009428	   0.00009505	   0.00000000	   0.00003734	   0.00009336	
  -0.00002342	  -0.00002342	  -0.00002342	   0.00002058	   0.00004400	   0.00000000	   0.00000000	   0.00000000	   0.02853267	   0.00045456	
  -0.00002619	  -0.00002619	  -0.00002619	   0.00002388	   0.00005007	   0.00000000	   0.00000000	   0.00000000	   0.00036831	   0.00075868	
  -0.00004606	  -0.00004606	  -0.00004606	   0.00003487	   0.00008093	   0.00000000	   0.00000000	   0.00000000	   0.00024303	   0.00171082	
  -0.00004822	  -0.00004822	  -0.00004822	   0.00003896	   0.00008718	   0.00000000	   0.00000000	   0.00747017	   0.21313824	   0.00134373	
   0.00008895	   0.00002949	   0.00002949	   0.00025084	   0.00011990	   0.00004200	   0.00005946	   0.05641482	   0.49518561	   0.03762043	
   0.00099627	   0.00045724	   0.00045724	   0.00144169	   0.00015122	   0.00029421	   0.00053903	   0.21556123	   1.55937564	   0.29009423	
   0.00132006	   0.00066607	   0.00066607	   0.00192497	   0.00021320	   0.00039172	   0.00065398	   0.22135407	   1.48109663	   0.31989056	
   0.00180365	   0.00117265	   0.00117265	   0.00262850	   0.00028771	   0.00053715	   0.00063100	   0.21107529	   0.96463019	   0.51023293	
   0.00184253	   0.00134117	   0.00134117	   0.00272810	   0.00033644	   0.00054913	   0.00050136	   0.07585290	   0.56726092	   0.76546532	
   0.00116081	   0.00086033	   0.00086033	   0.00177987	   0.00027416	   0.00034490	   0.00030048	   0.06774865	   0.27074853	   0.37159422	
   0.00055078	   0.00040676	   0.00040676	   0.00089769	   0.00018475	   0.00016216	   0.00014402	   0.00000000	   0.00051784	   0.00750792	
   0.00031362	   0.00022711	   0.00022711	   0.00055712	   0.00015124	   0.00009227	   0.00008651	   0.00000000	   0.00009946	   0.00157559	
  -0.00002342	  -0.00002342	  -0.00002342	   0.00002058	   0.00004400	   0.00000000	   0.00000000	   0.00000000	   0.02853267	   0.00045456	
  -0.00002619	  -0.00002619	  -0.00002619	   0.00002388	   0.00005007	   0.00000000	   0.00000000	   0.00000000	   0.00036831	   0.00075868	
  -0.00004606	  -0.00004606	  -0.00004606	   0.00003487	   0.00008093	   0.00000000	   0.00000000	   0.00000000	   0.00024303	   0.00171082	
  -0.00004822	  -0.00004822	  -0.00004822	   0.00003896	   0.00008718	   0.00000000	   0.00000000	   0.00747017	   0.21313824	   0.00134373	
   0.00008895	   0.00002949	   0.00002949	   0.00025084	   0.00011990	   0.00004200	   0.00005946	   0.05641482	   0.49518561	   0.03762043	
   0.00099627	   0.00045724	   0.00045724	   0.00144169	   0.00015122	   0.00029421	   0.00053903	   0.21556123	   1.55937564	   0.29009423	
   0.00132006	   0.00066607	   0.00066607	   0.00192497	   0.00021320	   0.00039172	   0.00065398	   0.22135407	   1.48109663	   0.31989056	
   0.00180365	   0.00117265	   0.00117265	   0.00262850	   0.00028771	   0.00053715	   0.00063100	   0.21107529	   0.96463019	   0.51023293	
   0.00184253	   0.00134117	   0.00134117	   0.00272810	   0.00033644	   0.00054913	   0.00050136	   0.07585290	   0.56726092	   0.76546532	
   0.00116081	   0.00086033	   0.00086033	   0.00177987	   0.00027416	   0.00034490	   0.00030048	   0.06774865	   0.27074853	   0.37159422	
   0.00055078	   0.00040676	   0.00040676	   0.00089769	   0.00018475	   0.00016216	   0.00014402	   0.00000000	   0.00051784	   0.00750792	
   0.00031362	   0.00022711	   0.00022711	   0.00055712	   0.00015124	   0.00009227	   0.00008651	   0.00000000	   0.00009946	   0.00157559	
   0.00000000	   0.00000000	   0.00000000	   0.00000000	   0.00000000	   0.00000000	   0.00000000	   0.00000000	   0.03038685	   0.00000000	
   0.00000000	   0.00000000	   0.00000000	   0.00000000	   0.00000000	   0.00000000	   0.00000000	   0.00000000	   0.00039516	   0.00000000	
   0.00000000	   0.00000000	   0.00000000	   0.00000000	   0.00000000	   0.00000000	   0.00000000	   0.00000000	   0.00025948	   0.00000000	
   0.00000000	   0.00000000	   0.00000000	   0.00000000	   0.00000000	   0.00000000	   0.00000000	   0.00000000	   0.22008853	   0.00000000	
   0.00000000	  -0.00003914	  -0.00003914	   0.00000000	   0.00000000	   0.00000000	   0.00003914	   0.00000000	   0.56792271	   0.00000000	
   0.00115127	   0.00074104	   0.00074104	   0.00165950	   0.00016285	   0.00034538	   0.00041023	   0.24448715	   1.58478928	   0.35571784	
   0.00205096	   0.00150129	   0.00150129	   0.00304284	   0.00037659	   0.00061529	   0.00054967	   0.42701486	   1.30246568	   0.58552784	
   0.00206996	   0.00154071	   0.00154071	   0.00317882	   0.00048786	   0.00062099	   0.00052925	   0.39006221	   0.86958349	   0.88915342	
   0.00154079	   0.00107195	   0.00107195	   0.00248883	   0.00048580	   0.00046224	   0.00046883	   0.11195717	   0.52794373	   1.15462053	
   0.00025073	  -0.00035859	  -0.00035859	   0.00042742	   0.00010127	   0.00007542	   0.00060932	   0.05051161	   0.31925291	   0.18280971	
   0.00000000	  -0.00041871	  -0.00041871	   0.00000000	   0.00000000	   0.00000000	   0.00041871	   0.00000000	   0.00063188	   0.00000000	
   0.00000000	  -0.00021520	  -0.00021520	   0.00000000	   0.00000000	   0.00000000	   0.00021520	   0.00000000	   0.00012446	   0.00000000	
   0.00000000	   0.00000000	   0.00000000	   0.00000000	   0.00000000	   0.00000000	   0.00000000	   0.00000000	   0.03038685	   0.00000000	
   0.00000000	   0.00000000	   0.00000000	   0.00000000	   0.00000000	   0.00000000	   0.00000000	   0.00000000	   0.00039516	   0.00000000	
   0.00000000	   0.00000000	   0.00000000	   0.00000000	   0.00000000	   0.00000000	   0.00000000	   0.00000000	   0.00025948	   0.00000000	
   0.00000000	   0.00000000	   0.00000000	   0.00000000	   0.00000000	   0.00000000	   0.00000000	   0.00000000	   0.22008853	   0.00000000	
   0.00000000	  -0.00003914	  -0.00003914	   0.00000000	   0.00000000	   0.00000000	   0.00003914	   0.00000000	   0.56792271	   0.00000000	
   0.00115127	   0.00074104	   0.00074104	   0.00165950	   0.00016285	   0.00034538	   0.00041023	   0.24448715	   1.58478928	   0.35571784	
   0.00205096	   0.00150129	   0.00150129	   0.00304284	   0.00037659	   0.00061529	   0.00054967	   0.42701486	   1.30246568	   0.58552784	
   0.00206996	   0.00154071	   0.00154071	   0.00317882	   0.00048786	   0.00062099	   0.00052925	   0.39006221	   0.86958349	   0.88915342	
   0.00154079	   0.00107195	   0.00107195	   0.00248883	   0.00048580	   0.00046224	   0.00046883	   0.11195717	   0.52794373	   1.15462053	
   0.00025073	  -0.00035859	  -0.00035859	   0.00042742	   0.00010127	   0.00007542	   0.00060932	   0.05051161	   0.31925291	   0.18280971	
   0.00000000	  -0.00041871	  -0.00041871	   0.00000000	   0.00000000	   0.00000000	   0.00041871	   0.00000000	   0.00063188	   0.00000000	
   0.00000000	  -0.00021520	  -0.00021520	   0.00000000	   0.00000000	   0.00000000	   0.00021520	   0.00000000	   0.00012446	   0.00000000	
