1.1	-15.3	-7.1	0	155.2	187.2	36278	2.3	2.3
3.6	-17.9	-7.8	0	149.4	162	36309	1.3	1.3
0.7	-17.9	-7.7	0	162	185	36341	0.8	0.8
0.9	-18.4	-8.3	0	172.5	150.4	36376	2.5	2.5
0.8	-19.3	-9.8	0	144.4	171.5	36413	0	0
0.6	-16.4	-8.1	0	155.2	114.4	36452	2.8	2.8
-1.4	-14.1	-7.1	0	164	174.7	36493	2	2
-3.7	-12.3	-8.3	0	126.8	129.4	36537	3.5	3.5
-3.4	-18	-9.8	0	98.7	154.3	36582	0.8	0.8
1.1	-17.6	-8.3	0	140.2	179.3	36630	0	0
1.2	-16.9	-8	0	162.1	178.3	36680	0	0
-1.8	-11.7	-7.5	0	130.7	95.6	36732	2	2
-0.5	-17.5	-9.3	0	80.4	142	36786	0.5	0.5
-5.9	-12.6	-9	0	77.2	101.1	36842	2.8	2.8
-7.4	-20.8	-14.6	0	41.9	207.7	36899	0.3	0.3
-1.3	-23	-13.5	0	51.4	193.1	36959	0.3	0.3
1.1	-11.7	-6.6	0	123	156.9	37021	1.5	1.5
-1.7	-17.8	-8.6	0	108.7	182.2	37084	1.8	1.8
-3.3	-11.1	-6.4	0	196	114.4	37149	2.3	2.3
-0.9	-20.8	-11	0	109.9	150.3	37216	1.5	1.5
-1.6	-18.1	-9.6	0	108.6	142.2	37285	0.5	0.5
3.9	-15.4	-6	0	142.2	164.5	37356	0.8	0.8
0.7	-15.1	-6.3	0	166.4	164.5	37428	1.3	1.3
-3.3	-9.7	-6.9	0.4	94.6	129.4	37502	0	0
-6.1	-19.5	-12.7	0	72.5	221.9	37577	1.3	1.3
-6.5	-24.2	-15.4	0	41.2	196.1	37654	0.5	0.5
-8.7	-19.7	-14.7	0	44.8	175.1	37732	1	1
-6.8	-23.4	-16.8	0	50.4	193.1	37812	0.3	0.3
-5	-25.3	-17	0.2	49.2	213.6	37894	0.3	0.3
-3.3	-20.8	-11	0	93.1	182.7	37976	0.5	0.5
-3.8	-23.1	-12.6	0	82.5	169.4	38061	0.5	0.5
-0.9	-19.4	-10.2	0	97.6	221.7	38146	0.5	0.5
-0.3	-20.3	-10.3	0	90.1	223	38233	1	1
-4.5	-16.8	-9.7	2.7	155.5	236.7	38321	2	2
-4.4	-20.9	-11	0.1	145.8	203.5	38410	2.5	2.5
-3.4	-17.3	-10.4	0	125.7	178.1	38501	1.5	1.5
-3.8	-19	-10.7	0	108.1	185.3	38593	1.8	1.8
-5.3	-17	-9.5	0	176.9	216.9	38685	3	3
-0.9	-22.2	-10.5	0	144.8	237	38779	0.8	0.8
2.7	-18.2	-8.6	0	130.9	235.6	38874	0.8	0.8
4.8	-17	-6.5	0	170.3	237	38970	1.8	1.8
1.4	-16.8	-6.9	0	170.8	236	39067	1.3	1.3
-1.9	-11.3	-6.2	0	205.2	226.2	39165	3.5	3.5
-1.2	-19.9	-10.4	0	130.8	242.6	39264	0.8	0.8
2.8	-12.6	-5.6	0	186.5	234.7	39364	1.3	1.3
-3	-9.6	-5.7	0	144.9	122.2	39464	2.8	2.8
-3	-14.1	-8	0	188.2	218.5	39566	1.5	1.5
2	-18.5	-8.3	0	157.6	248	39668	1.3	1.3
1.2	-9.2	-3.9	0	225	118.9	39771	1	1
-1.2	-9.4	-5.5	0	129.6	146.9	39875	2	2
-3.4	-13.4	-7.6	0	113.9	155.3	39979	1.3	1.3
3.3	-17.5	-8.3	0	150.8	258.4	40085	1.5	1.5
3.9	-16	-5.8	0	217.3	267.4	40190	2.3	2.3
1.9	-13.9	-5.4	0	273.5	234.6	40297	1.8	1.8
2.1	-14.9	-6.7	0	224.6	256.3	40404	1	1
6.6	-14.2	-4.4	0	245	264	40511	1	1
7.6	-14.3	-2.8	0	281.2	251.6	40619	1.5	1.5
6.8	-9.9	-0.1	0	334.2	234	40728	2.5	2.5
4.5	-2.7	1.1	0	449.7	199.8	40837	3.5	3.5
9	-13.4	-1.3	0	339.3	278.2	41057	4.8	4.8
5.9	-12.1	-2	0	374.8	281.5	41167	1.8	1.8
5	-13.3	-3.9	0	260.9	279.3	41278	3.3	3.3
6.4	-13.7	-2.1	0	322.6	277.7	41389	1	1
7.4	-14.1	-2.5	0	311.8	279.2	41501	3.5	3.5
3.3	-11.6	-3.1	0	274.9	172.5	41613	0.8	0.8
-0.6	-6.8	-3.5	0	275.6	230.9	41725	2.5	2.5
3.2	-13.4	-4.8	0	279.5	287.8	41837	2	2
8.5	-15.2	-4.1	0	253.1	288.1	41950	1.5	1.5
9.8	-10.8	-0.5	0	307.6	237.9	42063	1	1
5.7	-4.2	0.4	0	262.7	147.3	42176	3.8	3.8
9.3	-8.8	0.2	0	270.4	256.2	42289	1.8	1.8
8.5	-4.9	1.5	0	434.4	262	42403	1.3	1.3
8.8	-4.8	1.4	0	392	231.9	42516	2.5	2.5
7.7	-9.2	-0.1	0	407.1	235.3	42630	1	1
8.5	-9	-0.3	0	332.2	234.1	42744	0.8	0.8
9.4	-10.7	-0.9	0	311.1	266.9	42858	0.3	0.3
12.5	-11.6	0.5	0	349.5	306.8	42972	0	0
12.1	-9.6	2	0	349.5	296.8	43086	3	3
8.4	-7.3	1.7	0	435.1	310.2	43200	3.3	3.3
13.5	-9.8	2.5	0	413.8	255.5	43314	4	4
14.7	3	8.8	0	678.5	308.5	43428	3.8	3.8
16	-7.2	4.9	0	470.1	256.5	43542	4.3	4.3
15.1	0.2	8.1	0	652.2	265.6	43656	5.3	5.3
14.1	0.3	7.6	0	696.5	245.8	43770	5	5
10.3	-1.2	6.2	0	600.3	204	43884	6.3	6.3
10.2	-6.9	3	0	448.2	232.8	43997	2.3	2.3
7.9	-0.8	3.1	0	444.3	230.6	44111	4	4
6.9	-7.8	0.1	0	276.8	148.4	44224	2.5	2.5
4.2	-4.4	0.2	0	268.7	176.3	44337	4.8	4.8
6.5	-11.2	-1.8	0	219.9	306.8	44450	0.5	0.5
8.1	-9.5	-0.1	0	303.2	253.4	44563	2	2
8.6	-8	0.5	0	260.8	221.7	44675	3.8	3.8
7.3	-3.7	0.8	0	234.7	208.1	44787	3.5	3.5
7.8	-6.7	0.2	0	266	262.6	44899	2.5	2.5
6.1	-8.3	-0.9	0	257	166.6	45011	0.5	0.5
7.7	-8.3	0.2	0	298.8	307.5	45122	2	2
9.3	-10.9	0.4	0	401.3	338	45233	1	1
11.9	-9.8	1.3	0	377.1	313.5	45343	1.3	1.3
10.9	-6.6	1.3	0	288.5	230.2	45453	3.5	3.5
10.9	-1.9	3.3	0.8	376.7	245.3	45563	3	3
11.1	-5	3	0	427.4	221	45672	2.3	2.3
10.8	-5.2	3.1	0	428.4	266.4	45781	3.3	3.3
5.2	-6.1	-0.7	0.8	212	139.6	45889	2.5	2.5
5.9	-6	-1.4	0.5	143	163.6	45996	1.5	1.5
5.1	-3.8	0.3	0.5	257.8	242	46103	2.5	2.5
5.2	-5.1	-0.2	0.4	308.1	286.9	46210	3.5	3.5
10.4	-10	0.3	0	353.2	300.6	46315	1.3	1.3
11.3	-4.1	3	0	341	254	46421	2.3	2.3
11.3	-3	3.5	0.5	316.2	275.4	46525	0.5	0.5
16.1	-5.6	5	0	430.1	343.9	46629	2.8	2.8
14.2	-2.6	6.8	0	513	234.6	46732	1	1
9	-0.9	3.5	1.1	240.8	184.3	46834	3.5	3.5
10.6	-0.5	3.6	1.4	234.2	260.2	46936	3.3	3.3
9	-0.2	3.5	2.5	162.5	222.3	47036	0.5	0.5
9.3	-2	3.2	0.1	270.7	241.2	47136	1.3	1.3
6.7	-1.2	3.1	0	213.6	266.1	47235	1.5	1.5
10.4	-4.6	2.9	0	322.8	259.5	47333	0.8	0.8
12.4	-1.1	4.7	0	353.8	339.4	47430	3.5	3.5
11.4	0.1	4.1	0.2	268.4	218.7	47526	2.8	2.8
13.3	-0.4	5.8	0.1	352.9	334.8	47621	2.8	2.8
13.7	-2.6	6	0	430.5	291.1	47715	2	2
13.7	0.8	7.4	0	691.2	347.1	47807	6.8	6.8
14.4	-1.5	7.4	0	751.6	350.5	47899	6	6
12.9	2.5	6.9	0	704.2	304.8	47990	4.8	4.8
7.1	-1.7	3.5	0	384.9	207.5	48079	3.5	3.5
7.9	-5	1.7	0.1	354	314	48167	2.8	2.8
12.9	-6.7	4	0	479.8	368.3	48254	0.8	0.8
17.1	-4.6	7	0	544.2	345.4	48339	2.8	2.8
16.8	-2.1	8.8	0	661.4	362.2	48424	3	3
15.8	-2.5	8.3	0	628.6	351.5	48506	4.3	4.3
13.8	1.3	8	0	587.2	288.8	48588	2	2
17.2	-0.8	8.6	0	532.7	313.3	48668	2.5	2.5
14.9	0.9	8.8	0	668.2	277	48746	3.8	3.8
14.7	-1.9	7.5	0	584.5	357.2	48823	1.8	1.8
17.6	-0.6	9.9	0	788.9	348	48899	1.8	1.8
19.4	-2	9.9	0	753.1	376.4	48972	1.8	1.8
19.2	-1.4	10.1	0	741.7	297.5	49044	2.8	2.8
17.1	2.6	10.6	0	520.5	250.2	49115	1	1
15.9	3.1	9.7	0	540.3	250.2	49184	2	2
10.6	2.3	6.7	2.15	335.2	155.6	49251	2.3	2.3
8.4	2.5	5.5	13.85	145.5	185.1	49316	3.5	3.5
10.2	2.2	5.8	0.9	219.8	211.2	49379	3.5	3.5
12.5	0	5.6	11.6	199.1	226.4	49441	1	1
10.1	0.1	5.6	16.9	224.4	224.6	49501	1.8	1.8
12.2	3.9	7	2.2	232	184.7	49558	1	1
11.7	4.5	7.5	0.1	377.3	252.7	49614	2	2
9.8	1.2	5.4	5.1	218.1	209.5	49668	3	3
15.2	2.1	8.8	0.2	330.7	317	49720	1	1
12.4	5	8.6	1.8	418.9	254.6	49770	1.3	1.3
12.2	3.1	7.2	0.4	321.4	283.9	49818	2	2
12.7	4.5	8.7	0	589.4	304.3	49863	2	2
11.7	1.1	7.2	3.1	314.8	262.3	49907	1.3	1.3
12.9	3.6	8.3	1.05	284.7	280.1	49948	1.5	1.5
13.5	4.4	8.4	6.55	301.7	322.7	49987	2.8	2.8
8.2	-0.3	4.2	16.7	218.1	247.5	50024	3	3
8.8	-0.3	3.8	16.85	137.3	207.7	50059	0.5	0.5
10.5	0.1	5	2.75	202	198.2	50091	0.8	0.8
11.4	2.7	5.9	1.5	240.3	208.2	50122	1	1
14.7	2.1	7.9	6.5	273.7	319.9	50149	0.3	0.3
15.8	4.3	10	0	479.2	308.8	50175	2.3	2.3
14.2	2.7	8.3	6.4	268.2	266.3	50198	2	2
12.2	3.6	8	9.7	229.6	218	50219	4.5	4.5
10.1	2.9	5.1	9.7	188.3	139.2	50238	1.5	1.5
12.7	2.3	6.9	3	279.9	270.1	50254	0.8	0.8
13.6	4.9	9.3	1.4	472.5	252.5	50268	0.8	0.8
15.8	2.4	9.4	0	463.5	351.6	50279	0.8	0.8
14.1	3.6	9.1	0.9	363.5	198.7	50288	1.5	1.5
14.7	4.4	8.9	6.4	332.5	232	50295	2.5	2.5
12.3	5.4	8.6	10.2	285	143.8	50299	1.8	1.8
12.7	4.3	8.6	10	249.3	201.7	50301	1	1
14.1	5.1	8.7	13.15	193.1	205.4	50300	3.3	3.3
13	3.4	8.2	18.15	236.2	224.4	50297	2.3	2.3
15.6	5.7	9.7	21.5	279.3	262.2	50292	3.5	3.5
13.9	6.3	9	1.8	315	257.3	50284	4.5	4.5
15.8	5.9	9.8	7.3	317.1	219.5	50274	2.5	2.5
16.4	6.7	10.6	1.6	401.4	276.3	50261	1.5	1.5
19.1	7.2	12.6	0	633.1	320	50246	4	4
18.8	5.9	12.8	0	580.4	367.9	50229	1	1
18.7	5.5	12.6	0	505.9	317.7	50209	0.8	0.8
13.3	6.8	10	1.2	342.8	169.1	50187	0.3	0.3
17.7	6.5	11.8	0.05	457.7	317.2	50163	0.3	0.3
15.2	6.6	10.1	6.25	323.8	227.8	50136	3.8	3.8
17.2	6.5	11.4	6.8	279.3	300	50107	1.5	1.5
11.3	5.2	8.5	8.6	181.2	112.4	50075	1.8	1.8
16.8	7.4	11.6	0.2	452.3	236.6	50042	2	2
15.6	7.5	11	4.2	361.5	225.3	50006	1.8	1.8
12.4	6.6	9	10.85	151.3	156.7	49968	2.8	2.8
13	7.7	9.9	3.55	221	176.9	49928	2.8	2.8
11.8	6.5	8.8	4.8	224.1	137.2	49885	2.5	2.5
14.4	6.9	10.5	0	378.1	286.1	49841	2	2
13.3	8.8	10.5	1.65	279.3	163.8	49794	2	2
12	5.4	8.7	7.7	274.9	169.3	49745	1.5	1.5
13.3	2.9	7.2	19.85	155.5	211.7	49694	3	3
12.7	6.1	8.6	0.7	273.1	182.5	49641	2.3	2.3
15.2	3.7	8.6	10.1	225	245.4	49587	3.8	3.8
11.1	7.2	9	0.7	234.3	139.6	49530	2.8	2.8
15.2	4.8	9.4	2	346.1	193.4	49471	3.3	3.3
13.5	6.2	9	2.7	235.9	214.9	49410	2.5	2.5
18	5.5	10.8	2.9	294.7	326.9	49348	1.3	1.3
16.7	7.8	11.1	0.2	385.7	263.9	49284	0.8	0.8
12.9	5.1	9.4	8.4	256.1	217	49217	1.8	1.8
15.8	9	11.8	0.3	406.7	257.3	49149	2.8	2.8
13.8	7.9	10.8	2.4	362.7	145.8	49080	1	1
13	7.3	9.4	6.95	236.4	143.1	49009	1.5	1.5
14.2	6.3	9.5	4.05	235.9	234.7	48936	3.3	3.3
14.3	7.4	9.5	3.7	308.8	140.7	48861	0.5	0.5
14.6	6.2	8.6	17.1	175.7	195.4	48785	2.5	2.5
17.2	6	10.5	0.1	367.5	273.4	48707	0.3	0.3
16.2	7.7	10.1	3.1	312.9	220	48628	0.8	0.8
14.7	6	9.9	3	313.2	213.8	48547	3	3
16.6	6.2	10.8	1.3	447.8	259.4	48465	0.5	0.5
13.7	4.4	9.1	14.1	271.3	186	48382	0.5	0.5
15.5	6.4	10.3	3.6	319.5	270.1	48297	1	1
16.5	7.6	11.1	0.1	437.1	203.3	48211	2.8	2.8
17.6	7.2	11.8	0.9	443.4	268.9	48123	1.5	1.5
17	7.5	11.4	0.7	390.1	211.1	48034	2	2
19.9	8.2	12.9	0.8	473	302.9	47944	1.5	1.5
19.5	7.4	13.3	0	603.5	325.2	47853	0.8	0.8
17.2	6.9	11	0.6	377.4	195.9	47761	1	1
14	7.4	9.6	5.35	273.8	174	47668	0.3	0.3
14.4	5.1	8.8	15.55	174.5	155.3	47573	1	1
13.1	6	9.2	8.15	242.3	165.7	47478	1.5	1.5
14.9	6	10.3	1.6	306.7	245.2	47381	4.5	4.5
17.8	6.5	11.6	0.55	470.6	332.2	47284	2.8	2.8
19.4	7.9	12.5	0	561.7	320.4	47185	0.8	0.8
18.9	4.8	12.2	0.4	423.4	350	47086	0.3	0.3
14.8	5.6	9.6	8.6	346.1	188.3	46986	1.3	1.3
16.2	7	10.2	1.3	330.1	233.2	46885	0.3	0.3
15.2	4.6	8.5	1.2	275.5	215.5	46783	0.8	0.8
16.6	4.6	9.9	0	315	267.9	46680	0.5	0.5
12.7	5.9	8.6	7.6	234.3	123	46577	1.8	1.8
13.6	5.9	8.9	15.45	201.8	178	46473	2	2
13.8	5.8	9.2	8.05	224.1	196.9	46368	2.5	2.5
15.5	5.4	9.3	7.9	273.8	185.3	46263	0.8	0.8
17.7	5.4	10.9	0	390.9	337.9	46157	1.3	1.3
14	5.9	9.5	0.6	327.1	160.1	46050	0.3	0.3
14.5	6	9.3	1.9	263	194.7	45943	0.8	0.8
17.9	4.4	10.3	0.4	327.9	293.5	45835	0.3	0.3
14.3	6.2	9.7	1	353.1	173.4	45726	0.5	0.5
18.7	4.6	11.1	0	354.4	267.1	45617	0.3	0.3
18.7	6.3	11.9	0	448.8	292	45508	1	1
18.2	7.5	12.3	0	497.4	294.5	45398	2.3	2.3
16.9	7	11.6	0	417.9	244.5	45288	3.8	3.8
17.2	6.3	12	0.1	443.4	307.1	45177	1.3	1.3
18.8	7.8	12.2	0.1	362.2	303.7	45066	2.8	2.8
16.7	7.2	12.3	0	518.4	284.1	44955	1	1
16.6	6.1	10.6	5.8	328.2	241.1	44843	1	1
15.8	7	10.5	3.6	285	173.7	44731	1	1
18.1	5.3	11.7	0	401.4	268.2	44619	1.3	1.3
18.9	4.4	11.5	0	437.1	255.1	44506	1	1
16	2.8	9.5	0	466.2	255.5	44394	1	1
16.1	-0.6	8	0	383.5	263.6	44281	0.8	0.8
16.4	0	7.9	0.05	396.9	281.2	44167	0	0
13.3	3.2	7.1	1.75	350.3	213.1	44054	1.3	1.3
11.8	1.3	7	0	499.9	315.5	43940	2	2
12.8	-3.3	5	0	480.1	322.4	43827	0.8	0.8
15.6	-4.2	5.8	0	445.7	317.6	43713	0.3	0.3
15.7	-3.5	6.5	0	355.7	288.1	43599	1.8	1.8
16.6	-2.1	7.2	0	396.1	279.1	43485	2.3	2.3
16.5	-0.8	8.1	0	364.7	254.9	43371	1	1
16.1	4.9	9.5	0.2	394.5	261.1	43257	1	1
12.9	4.7	8	0.3	275.6	177.5	43143	2.5	2.5
15.3	2.3	8.2	1.15	266.3	220	43029	1	1
13.8	3	7.5	4.25	191.8	208.1	42915	1.3	1.3
15.5	4.4	9.2	0	252.6	250.1	42801	1	1
16.3	1.9	8.4	2.1	310.7	221.4	42687	1.5	1.5
15.5	4	8.6	1	353.8	234.3	42573	2	2
15.7	4.1	9.2	0	351.3	225	42460	1.5	1.5
16.6	1.2	8.7	0	344.4	251	42346	1.3	1.3
16	0.2	8.2	1.5	315.3	228.6	42233	2.3	2.3
14.7	1.9	7	5.9	237.1	170	42119	2.8	2.8
14.1	4	7.5	0.1	275.1	182.3	42006	0.8	0.8
11.4	4	7.1	1.1	230.4	162.4	41894	2	2
15.1	2.3	7.3	0.5	298.3	224.5	41781	1	1
14.5	0.4	6.9	0.2	288.3	223	41669	1.5	1.5
15.2	3.7	8	0	248.4	246.1	41557	0.8	0.8
12.7	2.8	6.9	2.3	274.2	112.9	41445	1.8	1.8
7.5	0.5	3.3	5.2	170.8	150.4	41334	1.3	1.3
8.1	-0.5	3.2	0.1	218.3	194.2	41223	1.8	1.8
10.5	-3.9	3.2	0.4	215	200.2	41112	0.8	0.8
7.9	0	3.5	10.15	91.4	111.6	41002	1	1
11.2	-0.2	5	2.85	237.2	238.7	40892	0.8	0.8
14.2	-2.5	5.4	0.1	296	265.3	40783	1.3	1.3
14.1	-1.8	5.8	0	300.1	254.6	40674	2.5	2.5
13.2	0.3	6.5	0	343.6	242.6	40565	2.5	2.5
12.4	0.2	6.3	0	503.3	229.1	40457	4.3	4.3
7.5	-0.1	3.4	0	280.6	128.9	40350	2.8	2.8
5.7	-3	1.1	0	251.9	175.9	40243	5	5
3.4	-4.6	-1.1	0	149.8	206.7	40137	2	2
4.2	-6.7	-2	1	134.8	235.5	40032	1	1
9.7	-6.7	1.1	0	244.2	259.2	39927	0.8	0.8
11.9	-7	1.6	0	262.4	255	39823	0.5	0.5
12.6	-6.5	3	0	268.4	253.8	39720	1	1
12.9	-6.3	3.5	0	338.8	254.7	39617	4.3	4.3
11.7	-4.2	4.3	0	372.2	243.5	39515	2	2
4.9	-3.8	1.2	0	355.7	219.9	39414	0.8	0.8
5.7	-8.5	-1.3	0	232.8	239.4	39314	1	1
2.6	-5.1	-1.8	0	110.3	222.5	39215	1	1
4.7	-5.9	-1.3	0	130.6	211.4	39116	0.8	0.8
3.8	-4.6	-1.3	0	134.3	203	39019	0.5	0.5
5.1	-8.5	-2.6	0	157.5	178.3	38922	2.3	2.3
4.2	-9	-2.6	0	172.8	187.9	38827	1.8	1.8
1.7	-8.3	-3.8	0	152.1	174.1	38732	1.5	1.5
1.6	-7	-3.2	0	155.5	160.8	38639	2.5	2.5
3	-10.1	-4.2	0	154.5	183.5	38547	0.8	0.8
4.5	-10.3	-3.4	0	154.4	219.4	38456	0.5	0.5
5	-9.9	-2.3	0	201.8	233.4	38366	1.3	1.3
2.6	-11.1	-3.9	0	191.9	220	38277	0.3	0.3
2.7	-10.7	-4.2	0	198.4	225	38189	1.5	1.5
5.2	-13.2	-4.5	0	162.5	222	38103	0	0
5.4	-12	-3.4	0	194.4	221.7	38018	1	1
5.5	-10.5	-2.8	0	209	203.5	37935	1.5	1.5
4	-12.1	-3.6	0	209	217.9	37853	2	2
5.5	-11.9	-3.5	0	178.5	222.9	37772	1.5	1.5
5.3	-12	-3.2	0	177.1	171.7	37693	2	2
3.7	-7.1	-1.2	0	270.5	151	37615	3	3
2.8	-11.1	-4	0	190.5	170.9	37539	1.5	1.5
2.3	-10.8	-4	0	173.2	155.6	37464	1.8	1.8
2.5	-12.5	-4.7	0	141.1	181.9	37391	2.3	2.3
2.7	-13	-5.4	0	195.4	209.5	37320	1	1
5.3	-13.9	-4.7	0	168.5	195.4	37251	0.3	0.3
5.9	-12.5	-2.1	0	186	136.5	37183	0	0
2.4	-12.1	-4	1	92.8	125.9	37116	3.5	3.5
-3.1	-16.9	-9.8	0.2	59.4	196.9	37052	1	1
-2.9	-12.3	-8.3	0	57.3	164.9	36990	1.5	1.5
-0.5	-12.6	-6.2	0	94.4	173.7	36929	1.8	1.8
0.1	-11.2	-5.3	0	109.5	177.6	36870	1.8	1.8
-0.4	-10.3	-6	0	62.9	166.6	36813	2.5	2.5
-2.6	-16.9	-9.7	0.7	39.9	178.8	36759	1.8	1.8
-3.9	-19.2	-12.1	0	29	200.7	36706	1.3	1.3
-4.2	-16	-9.8	0	36	153.4	36655	0.3	0.3
-3.8	-11.2	-8.2	0.1	51.9	150.9	36606	1	1
-4.1	-16.9	-9.3	0.9	38.6	207.9	36559	1.3	1.3
-8.3	-21	-14.3	0	30.5	157	36515	1.3	1.3
-3.7	-16.7	-9.6	0	46	164.3	36472	1.5	1.5
-2.9	-15.1	-7.7	0	69.1	176	36432	2.8	2.8
-6.6	-19	-13.2	0	40.9	196.1	36394	1.3	1.3
-5.8	-20.4	-13.9	0	22.8	201.6	36358	1.3	1.3
-2.3	-20	-11.4	0	33.3	203.3	36325	0.5	0.5
0.7	-17.2	-9	0	76.7	189.7	36293	1.8	1.8
-2.5	-18.5	-10	0	59	183.8	36264	1.3	1.3
4	-14.8	-6.5	0.1	95.3	155	36237	1	1
-0.5	-16.1	-8.2	0	72.8	186.3	36213	1	1
4.4	-11.9	-4.1	0	165.5	188.2	36191	2.3	2.3
-0.6	-16	-8.4	0	72.5	185.2	36171	1.3	1.3
-2.7	-16.9	-8.9	0	59.9	148.8	36154	1.3	1.3
3.2	-12.4	-4.8	0	130.7	186.9	36139	1.5	1.5
-1.5	-17.5	-9.2	0	79	167.6	36126	0.8	0.8
-0.5	-16.1	-7.6	0	110.4	177.9	36116	0.5	0.5
-2.4	-12.9	-7.9	0	103.5	74	36108	2	2
-1.8	-18.6	-10	0	83.5	174.8	36103	1	1
1.8	-16.2	-7.6	0	80.2	176.9	36100	1	1
0.4	-17.9	-8.6	0	65.9	170	36099	1.5	1.5
2.2	-13.3	-6.7	0	125.9	71	36101	4.8	4.8
-4.6	-13.5	-8.5	0	66.4	76.9	36105	1.8	1.8
1.1	-17.2	-9.5	0	73.7	176.5	36112	1	1
-1.6	-20.5	-10.8	0	69.5	177.7	36121	0.5	0.5
2.6	-17.2	-7.8	0	100.5	179.8	36132	1.5	1.5
0.7	-17.7	-9.2	0	104.9	133.9	36146	1.8	1.8
-5.3	-11.2	-8	0	166.4	107	36162	1.3	1.3
-6.1	-13.7	-10.2	0	135.6	177.1	36181	3	3
-1	-19.5	-10.7	0	71	175.7	36202	2	2
8	-12.8	-2.3	0	227	169.5	36225	2	2
8.8	-13	-3.2	0	216.7	148.2	36251	2	2
5	-11.4	-3.1	0	143.6	142.6	36278	2	2
6.1	-9.3	-1.6	0	152.9	130	36278	2	2
6.2	-8	-0.4	0	188.5	99.2	36309	3.3	3.3
5.2	-11.5	-3.1	0	196.6	185.1	36341	2	2
0.1	-10.6	-5.5	0	238	185.7	36376	4.5	4.5
-1.6	-17.3	-9.2	0	115.3	140.1	36413	1.3	1.3
4.8	-14.4	-4.8	0	166.2	183	36452	1.3	1.3
-2	-11.3	-6.4	0	120.7	157.6	36493	4.5	4.5
-3.4	-16.1	-10.3	0	94.6	193.8	36537	1.8	1.8
-3.6	-21.2	-11.7	0	75.5	169.8	36582	1	1
-5	-10.8	-7.7	0	128.1	106.1	36630	2.3	2.3
-6.6	-12.8	-10.7	0	39.4	141.7	36680	1.3	1.3
-8.7	-18.7	-12.4	0	92.7	203.9	36732	1	1
-7.4	-24.6	-16.7	0	25.8	197.7	36786	0.3	0.3
-4.7	-23.3	-13.7	0	31.1	203.2	36842	0.5	0.5
2.9	-19.8	-8.7	0	83	173.4	36899	0.3	0.3
1.5	-11.9	-3.7	0	157	118.7	36959	3.8	3.8
0.6	-10.9	-5.4	0	94.7	157.3	37021	1.8	1.8
-2.2	-15.4	-7.1	0	126.6	151	37084	4	4
-3.5	-12.9	-7.8	0	118	168.7	37149	3.8	3.8
-5.5	-16.4	-11	0.1	54	144.3	37216	1.8	1.8
-5.6	-20.4	-12.6	0	76.3	205.6	37285	1.8	1.8
-2.2	-17.6	-9.1	0	92.9	149.5	37356	1.5	1.5
-2.7	-11.2	-6	0	186.3	100.1	37428	5	5
-0.8	-13.6	-6.7	0	141.6	189.9	37502	3.8	3.8
2.7	-11.8	-4.1	0	143.2	111.4	37577	1.5	1.5
-0.6	-14.8	-5.8	0	169.1	86.7	37654	2.3	2.3
1.5	-13.6	-5.4	0	228.8	221.9	37732	2.5	2.5
1.1	-18.3	-8.2	0	141.5	156	37812	1.8	1.8
0.7	-9.7	-4.4	0	216.7	223.6	37894	6.5	6.5
4.5	-13.9	-5.1	0	205.8	208.6	37976	3.3	3.3
1.9	-10.1	-3.9	0	139.8	133.8	38061	3	3
1.7	-5.4	-3	0	126.1	128.6	38146	4.3	4.3
0.4	-13.3	-6.2	0	158.9	219.5	38233	3.5	3.5
-0.3	-15.9	-7.1	0	218.2	178.6	38321	2.8	2.8
0.6	-11.9	-4.9	0	243.1	157.4	38410	3.8	3.8
-4.9	-10.6	-7.3	0	177.9	138.7	38501	5.8	5.8
-4.5	-18.6	-10.3	0	137.1	136.1	38593	2	2
-1.6	-15.7	-8.1	0	139.1	122.4	38685	1.3	1.3
1.6	-16.5	-6	0	169.1	148.8	38779	1.8	1.8
-0.5	-10.9	-4.2	0	330.5	199.8	38874	4.5	4.5
1.7	-12.4	-5.3	0	234.7	234.5	38970	4	4
4.5	-15.8	-5	0	205.3	192.5	39067	1.5	1.5
2.1	-7.8	-1.5	0	322.2	138.4	39165	3	3
-1.7	-11.2	-4.3	0	302	107.1	39264	3.3	3.3
2.6	-9.6	-3.8	0	297.4	228.9	39364	5.5	5.5
2.5	-7.8	-1.9	0	308.1	98.2	39464	4.3	4.3
1	-11	-5.7	0	64.4	92.1	39566	2	2
4.3	-10.9	-2	0	305.8	179	39668	3.3	3.3
6.6	-4.1	1.3	0	425.8	187.6	39771	9.3	9.3
6	-9.4	0.2	0	374.7	220.2	39875	6.3	6.3
5.9	-14.6	-1.9	0	325.4	212.2	39979	3.5	3.5
4.3	-9.3	-1.3	0	383.2	253.8	40085	4.5	4.5
3.1	-9.3	-4.1	0	215.3	142.4	40190	4	4
-1.3	-14.4	-7.3	0	105.1	184.8	40297	1.3	1.3
0.2	-16.4	-7.6	0	130.6	171.9	40404	0.8	0.8
2.9	-11.9	-3.8	0	193.9	113.5	40511	2.5	2.5
1.9	-10.7	-2.7	0	321.2	171.3	40619	6.3	6.3
5.3	-13.4	-3.2	0	318.3	220.1	40728	1.8	1.8
3	-6.3	-1.4	0	305.3	125.6	40837	2	2
5.4	-13.9	-2.4	0	271.4	239.7	40947	2.3	2.3
3.1	-8.3	-2.9	0	177.6	166.8	41057	2	2
5.2	-12.8	-4.4	0.3	135.8	249.2	41167	1.3	1.3
6.2	-9.7	-1.3	0	289.5	232	41278	2	2
6.9	-7.8	0.3	0	332.2	193.2	41389	3	3
4.2	-6.6	-0.8	0	266.5	201.9	41501	2.8	2.8
5.5	-6	-0.1	0	339.6	268	41613	2.5	2.5
7.2	-10.3	-0.9	0	259.2	185.5	41725	2	2
6.8	-7.5	0.7	0	270.4	269.7	41837	1	1
8.3	-6	1.3	0	310.8	213.4	41950	2	2
5.7	-4.2	0.8	0	315.2	160.5	42063	4.8	4.8
0.7	-6.1	-2.6	0	176.7	143	42176	2.8	2.8
3.4	-11.8	-3.9	0	188.7	302.2	42289	3	3
8.9	-13.4	-2.6	0	213.4	298.7	42403	1	1
10.9	-12	-0.6	0	279.7	268.4	42516	2.5	2.5
10.5	-8.3	2.2	0	368.2	246.5	42630	2.3	2.3
10	-4.2	3.4	0	338.6	222.5	42744	3	3
10.8	-7.6	2	0	281.2	286.1	42858	3.3	3.3
6.4	-5.7	0.1	0	173.3	172.9	42972	2.3	2.3
4.9	-7.6	-1.2	0	161.3	182.3	43086	2.8	2.8
5.1	-4.9	-0.4	0	301.5	304.3	43200	4	4
6	-8.6	-1	0	274.8	183.1	43314	2	2
3.5	-11.1	-2.9	2.3	162.8	215.3	43428	1	1
4.1	-7.1	-1.6	0	291.7	202.5	43542	1	1
1.2	-6.6	-2.8	0	183	244.4	43656	2.3	2.3
4.5	-10.5	-2.5	0	221.9	319.9	43770	1.3	1.3
4.6	-5.8	-0.2	0	292.8	236.6	43884	1.3	1.3
5.2	-4.9	0.6	0	335.7	189.3	43997	3.5	3.5
4.1	-4.9	-0.4	0	276.9	196.3	44111	2.3	2.3
8.7	-6.9	1.3	0	277.1	247.6	44224	6.3	6.3
5.8	-4.5	1.7	0	404.5	298.6	44337	5	5
3.3	-6.1	-0.9	0	351.4	247.6	44450	1.5	1.5
3.5	-3.2	0.1	0	345.8	199.1	44563	3.3	3.3
4.2	-5.5	-3	0.9	110.2	206.9	44675	2	2
3.5	-8.8	-2.6	0.9	142.3	303.5	44787	2	2
10.2	-10	0	0	265	305.4	44899	2.8	2.8
11.3	-2.6	4.7	0	505.9	280.4	45011	3.5	3.5
10.5	-0.7	5.8	0	540.3	260.4	45122	4.3	4.3
10.3	-2.9	4.7	0	496.9	270.6	45233	4	4
10.6	-3	5.4	0	447.3	231.3	45343	7.8	7.8
12.8	-3.2	6.2	0	541.9	306.7	45453	9.5	9.5
7.8	-4.3	3.4	0	489.6	224	45563	7	7
6.2	-4.2	2	0	462.9	298.4	45672	5.5	5.5
8.5	-9.2	0.9	0	392	260.3	45781	4	4
11	-6.6	3.4	0	475.5	263.9	45889	3.5	3.5
10.3	-3.1	4.6	0	501.8	301.6	45996	3.5	3.5
11.6	-7.5	3	0	409.5	336.5	46103	2.3	2.3
10	-3.7	4.5	0	486.6	230.7	46210	2.3	2.3
9.8	-5.2	3.7	0	460.3	249.4	46315	3.8	3.8
6.7	-4.5	1.9	0	293.5	255.7	46421	2.8	2.8
4.7	-2.9	0	0.8	106.9	140.8	46525	2.3	2.3
9.2	-4.4	2.4	0	326.4	348	46629	1.5	1.5
9.1	-4.2	2.2	0	298.5	240	46732	2.3	2.3
11.6	-6.8	2.6	0	248.6	270.5	46834	1	1
10.2	-2.3	3.8	0	311.8	179	46936	2.8	2.8
13.2	-4.6	4	0	278.4	268.5	47036	2.8	2.8
8.6	-0.8	2.5	1.35	115.3	144.7	47136	2	2
8.6	-0.8	2.8	0.15	188.4	192.1	47235	1	1
6.9	-3.2	1.7	1.3	190.1	159.7	47333	1.5	1.5
5.7	-3.8	0.8	1.8	170.7	227.2	47430	2.3	2.3
8.7	-3.9	2.4	0	237.9	256.1	47526	1.5	1.5
10	-0.8	2.9	0	127.9	232.5	47621	5.5	5.5
7.6	-1.2	1.5	0.6	79.9	209.6	47715	2	2
9	-1.7	2.4	0	196	284.9	47807	2.5	2.5
10.8	-4	3.6	0	280.6	274.6	47899	2.5	2.5
9.8	-2.1	3.5	0	258.4	220.8	47990	1.8	1.8
9.3	-1.2	3.6	0.65	232.6	220.2	48079	5	5
5.4	-0.5	1.5	5.95	52.2	152.6	48167	2.5	2.5
9.9	-0.7	4	0.3	284.4	283.6	48254	1.8	1.8
10.6	-1.1	4.9	0.25	289.9	272.8	48339	2	2
15.4	0.8	7.4	2.35	357.9	310.5	48424	2	2
11.7	1.2	6.9	0	541	339.4	48506	5.5	5.5
8.2	-2.6	3.5	0.8	278.7	241.9	48588	2	2
5	-0.6	1.6	0.1	127	154.5	48668	2	2
5	-2.8	0.4	2.5	114	188.5	48746	2.8	2.8
4.7	-1.9	0.4	0.3	123.9	192.5	48823	2	2
4.9	-3.7	0.2	0.1	165.9	226.8	48899	2.3	2.3
8.5	-3.9	2	0	176.4	219.8	48972	2.5	2.5
7.8	-0.3	3.6	0.1	247.7	251.9	49044	2.3	2.3
7.3	-3	1.7	0.2	237.4	192.2	49115	1.5	1.5
8.1	-1.6	2.3	0.1	219.7	190	49184	2	2
7.5	-2.4	2.4	0.4	184.8	194	49251	0.8	0.8
11.3	-3	4.3	0	286.4	289.8	49316	3.3	3.3
11.2	-3.4	4.4	5.7	266.7	325.5	49379	2	2
13	0.6	6.7	0	341.3	271.8	49441	3.3	3.3
15.6	0.2	8.3	0	514.9	361	49501	2.5	2.5
17.6	-1.4	9	0	507	345.1	49558	1.8	1.8
18.3	2.4	10.7	0	651.8	371.9	49614	3.8	3.8
14.5	4.1	9.4	0	628.3	321.7	49668	1.3	1.3
18.7	0.3	10	0	497	353.9	49720	3.3	3.3
19.6	1	11	0	673.5	309.5	49770	2.5	2.5
14.9	3.8	10.1	0	497.8	286.4	49818	4.3	4.3
14.2	3.6	9	0.1	491.1	284.2	49863	2.5	2.5
16.6	4.2	10.9	0	519.2	253.9	49907	0.9	0.9
15.7	2.4	9	5.1	512.3	262.2	49948	2.9	2.9
7.5	1.1	3.8	13.05	113.9	104.4	49987	1.3	1.3
8.6	1.6	4.7	6.15	209.2	183.8	50024	1.1	1.1
10.9	1.4	5.2	6.6	147.3	236.9	50059	2.8	2.8
12.9	0.1	6.4	11.7	252.2	265.2	50091	1.4	1.4
13.2	2.7	7.8	11.8	335.2	293.5	50122	1.8	1.8
15.5	5.1	10.2	0	472.9	355.6	50149	2.2	2.2
16.9	4	10.8	0	605	344	50175	1.2	1.2
18.1	6.4	12.1	0	675.5	320.7	50198	1.8	1.8
16.1	6.1	10.4	3.2	482	250.6	50219	0.8	0.8
17.6	5.7	10.2	1.45	348.4	243.7	50238	2.3	2.3
18.5	6.6	12	0.45	639.8	320.3	50254	2	2
21.2	3.7	12.8	0	678.4	352.6	50268	2.9	2.9
19.9	5.9	12.4	0	596.8	304.9	50279	5.5	5.5
18.7	6.5	11.5	0.9	568.4	290.1	50288	1.8	1.8
20	9	14.4	0	809.7	321.2	50295	3.3	3.3
16.4	6.3	10.5	9	427.4	241.7	50299	2.1	2.1
16.5	4.6	10.1	0.1	294.8	313.3	50301	3.9	3.9
14.2	5.9	9.2	1	363.5	234.2	50300	2.9	2.9
17.9	3.5	9.8	1.5	341.5	287.8	50297	0.9	0.9
11.1	6.5	8.7	2.6	165.3	192.1	50292	1.8	1.8
12.8	3.7	7.2	0.8	378	214.4	50284	2.1	2.1
15.4	0.3	8.1	0	469.3	391.5	50274	1.2	1.2
19.6	0.1	10.5	0	554.9	334.5	50261	1.3	1.3
19.8	3.4	11.2	0	560	283.6	50246	1.5	1.5
17	2.8	10.7	0.4	424	293.3	50229	3.3	3.3
17.5	5.4	11.4	4.9	504.9	288.7	50209	2.7	2.7
17.7	6.2	11.1	9.55	398.7	268.5	50187	1.7	1.7
19.2	7.1	11.8	6.35	457.7	233.2	50163	1.5	1.5
17.4	7.4	11.5	2.2	397.9	261.6	50136	1.8	1.8
20.6	8.2	13.8	0	563.1	315	50107	1.8	1.8
20.2	9.1	13.9	0.3	642.7	254.2	50075	3	3
20	9.4	14.6	0	801.4	298.7	50042	2.3	2.3
21	5.5	13.8	0	684.5	345.8	50006	3.3	3.3
21.5	4.9	13	0	572.7	329.3	49968	2	2
20.2	5.4	13	0	532.1	245.4	49928	4.3	4.3
18.7	7.7	12.4	0.3	478.3	239.2	49885	3	3
18.4	4.5	12.4	0.1	596.8	320	49841	2	2
16.9	3.6	11.4	0	651.3	227.8	49794	1.8	1.8
17.1	1.6	10	0	494.4	271.7	49745	2.5	2.5
18.1	0.9	10.4	0	492.2	270.6	49694	2.3	2.3
19.9	3.9	12.4	0	518.9	319.3	49641	2.5	2.5
16.8	8.4	12.1	0	456.7	212.4	49587	3.8	3.8
13.6	6.8	9.9	5.1	250.6	168	49530	4.8	4.8
15.8	5.1	9.1	16.8	239.1	222.6	49471	3.5	3.5
13.6	7.7	10.1	1	270.2	188.1	49410	1.5	1.5
18	7.1	10.7	1.2	288.1	243.5	49348	2.3	2.3
16.9	7.1	11.1	1.8	341.5	272.8	49284	4.8	4.8
17.1	6.6	10.4	7	325.7	239.8	49217	4	4
14.3	5.6	9.5	7.1	254.4	212.2	49149	2.3	2.3
15.4	8.2	11.1	4.4	303.9	202.5	49080	1.8	1.8
14.6	6.3	10.5	9.3	281.2	189.6	49009	2.3	2.3
15.6	5.5	10.1	5.7	252.2	246.9	48936	1.8	1.8
15.9	6.4	11.1	1.1	341.3	246.7	48861	5	5
17.8	7.6	12.8	0	416.6	310.2	48785	2.8	2.8
19.3	8.8	13.2	0	451.7	285	48707	2.3	2.3
16.4	8	12.1	1.3	354.8	184.5	48628	1	1
16	7.4	11.4	13.9	331.2	191.2	48547	1.3	1.3
17.7	8.8	11	9.75	281.2	180.4	48465	1.8	1.8
18.3	8.2	12.3	6.25	362.3	239.1	48382	1.5	1.5
16	7.3	10.3	14.6	204.5	168.7	48297	2	2
18.3	8.8	12.5	0.1	333.4	235.5	48211	1.5	1.5
15.4	8.4	11.5	4.1	374.4	105.7	48123	3	3
18.3	6.6	11.7	3.2	395.3	286.7	48034	0.8	0.8
12.9	7.5	9.8	11.1	257.3	97.1	47944	2	2
15.3	6.6	10.5	12.25	259.1	197	47853	2.3	2.3
16.3	6.2	10.5	6.95	301.9	247.1	47761	2	2
15.9	8.5	11.8	2	376.8	216.6	47668	1.8	1.8
16.7	8.6	11.8	0	360	217.7	47573	1.3	1.3
17.9	6.8	12.2	0	326.8	271.5	47478	1.3	1.3
18.9	8.8	12.9	0	476.1	329.7	47381	3.3	3.3
18.6	8.3	12.5	9.8	440	279.8	47284	1.8	1.8
18	7.4	11.5	2.7	264.3	221.2	47185	2.3	2.3
14.8	7.9	11	6.45	204.5	130.5	47086	2.5	2.5
13.8	5.9	9.4	6.65	186.2	202.2	46986	2.5	2.5
14.1	8.1	10.4	8	221.7	177.3	46885	3	3
13.5	6.2	9.2	15.4	179.3	160.1	46783	0.8	0.8
12.9	7	9.4	10.5	127.1	161.1	46680	3	3
13.7	7.2	9.6	13.45	191.3	161.9	46577	1.8	1.8
15.3	4.3	8.9	13.05	224.1	238.3	46473	2	2
16.2	5.2	9.2	9.2	285	229.9	46368	2.3	2.3
15.1	6.4	9.5	2.3	266.5	199.2	46263	0.8	0.8
14.7	7	9.9	3.3	257.3	185.1	46157	1	1
14.1	4.2	8.8	15.3	219.6	246.3	46050	1.8	1.8
12.1	6.1	8.5	18.3	183.7	158.7	45943	1.5	1.5
16.1	5.5	9.1	4.9	244.4	236.8	45835	1.5	1.5
16.8	6.9	10.8	0	393.8	304.3	45726	4	4
17.9	4.9	11.4	0	404.4	310.7	45617	1	1
18.2	4.8	11.9	0.1	390.1	331.3	45508	1.8	1.8
17.8	5.6	11.4	1.1	412.4	285.2	45398	1.8	1.8
14.9	5.6	10.5	0	302.7	205	45288	1.5	1.5
14	6.9	9.1	2.7	230.2	163.4	45177	3	3
13.7	5.9	9.1	2.15	247.7	166.2	45066	3	3
14	6.3	9.6	0.45	358.5	213.4	44955	1.8	1.8
15.2	2.3	9.1	0	430.3	256	44843	0.5	0.5
15.3	0.3	8.3	0	427	295.4	44731	2	2
14	0.9	8	0	514.9	329.6	44619	2.5	2.5
15.7	-1.4	7.2	0	404.3	320.5	44506	1	1
16	-1.1	7.7	0	372.9	300.5	44394	0.8	0.8
15.6	1.1	7.9	0	345.6	269.7	44281	1.5	1.5
14	2.1	8.2	0	335.2	253.6	44167	4	4
14.2	5.6	9.3	0.1	328	219.3	44054	0.5	0.5
16	3.9	9.8	3.6	385.8	279.5	43940	0.5	0.5
15.9	3.5	8.9	7.4	337.4	258.5	43827	2.5	2.5
13.2	3.7	7.2	7.9	150.3	170.5	43713	2	2
12.1	3.9	7.9	0.1	214.5	201.2	43599	2.8	2.8
12.4	3.1	7.4	16.55	231.2	148.8	43485	1.3	1.3
14.8	4.7	9.6	1.05	329.3	242.2	43371	2	2
15.3	6.1	9.4	2.2	370.8	245	43257	3.8	3.8
15.2	4.4	8.8	0.2	316.3	225.5	43143	1.5	1.5
16.2	1.8	9.3	0	414.7	271.1	43029	2	2
16.2	6.2	10.3	0	409	280.6	42915	4	4
13.8	4.4	7.9	0.8	244.2	204.9	42801	1.8	1.8
13.3	2.5	7	0.7	219.2	194.3	42687	1	1
16.5	3.7	9.3	0	339.2	251	42573	0.8	0.8
15.1	2.6	8.4	0	288.5	221.9	42460	0.5	0.5
17	5	10.4	0	400.9	249.8	42346	3	3
16.1	3.7	9.6	0.7	418.9	256.2	42233	1.8	1.8
16.4	0.4	8.2	0	294.3	277.9	42119	2.3	2.3
16.7	0.3	8.4	0	350.3	250.9	42006	2	2
17	1.4	8.8	0	456.1	267.6	41894	3.3	3.3
13.6	3.3	8.1	0	394.2	244.6	41781	1.3	1.3
13.3	0.1	6.9	0.55	230.7	225.7	41669	1.5	1.5
11.2	3	5.4	5.4	159	138.7	41557	2	2
12.3	2.8	5.9	2.75	185.7	175	41445	2	2
12.3	1.1	5.7	0.1	301.3	212.4	41334	2	2
11.1	-1.7	4.1	0.9	184	202.5	41223	0.5	0.5
8.6	-0.1	3.4	2	187	179	41112	2.3	2.3
7	-1.5	1.8	1.3	99.5	164	41002	2	2
9.3	-0.9	3.7	0.8	210	189.6	40892	2.8	2.8
10.5	-1	3.8	0.1	232.2	230	40783	2	2
11.8	-4.3	3.6	0.1	312.9	265.9	40674	1	1
12.1	-4.9	3.6	0.1	330.5	271.8	40565	3	3
11.6	-2.1	4.2	0	373.9	268.7	40457	2.8	2.8
11.2	-5.8	2.7	0	314.9	226.9	40350	1.8	1.8
12.9	-6.7	2.6	0	346	235.9	40243	2.3	2.3
13.9	-7.6	3	0	316.7	259.4	40137	0.3	0.3
12.3	-2.3	4.9	0	509.5	261.4	40032	5.8	5.8
13.1	-2.5	4.7	0	395.3	234.1	39927	3	3
10.5	-1.3	5.3	0	470.3	150.9	39823	4.8	4.8
10.8	-0.7	4	1	323.9	154.1	39720	4	4
4.3	-3.1	0.3	8.9	77.7	156.2	39617	1.8	1.8
0	-6	-2.8	1.5	57.2	150.4	39515	2.3	2.3
0.3	-8.6	-4.7	0	113.6	225.8	39414	0.8	0.8
5.5	-8.4	-2.3	0.1	133.2	251.3	39314	0.5	0.5
8.1	-5.9	0.6	0.1	232.7	247.6	39215	1.3	1.3
6.7	-3.7	1.4	0	304.3	181.4	39116	1	1
5.8	-5.9	-0.5	0	243.8	240.3	39019	1.3	1.3
7.7	-6.8	-0.3	0	235.6	237.4	38922	1	1
5.5	-6	-0.5	0	203.1	170.5	38827	0.8	0.8
4.1	-9.9	-2.4	1.1	157.5	196.1	38732	2.5	2.5
2.6	-6.3	-2	0.1	167.2	177.2	38639	2.5	2.5
4.8	-7.5	-1.5	0	187.3	236.4	38547	1.5	1.5
7	-7.1	-1	0	255.3	231.8	38456	1	1
6.1	-6.7	-0.9	0	365.1	236.9	38366	5.5	5.5
4.7	-9.6	-2.8	0	258.4	220	38277	1.8	1.8
5.3	-10.2	-3.2	0	183.3	225	38189	2	2
7.7	-11.4	-1.7	0	269	225.2	38103	2.5	2.5
6.6	-10.3	-2.2	0	245.8	225.6	38018	0.3	0.3
4.6	-9.8	-2.8	0	233.3	218.7	37935	2	2
3.7	-10	-3.7	0	244.2	217.8	37853	1.3	1.3
6.6	-12	-3.6	0	179.2	199.8	37772	0.3	0.3
8.9	-10.9	-1.7	0	249.9	215.5	37693	1.5	1.5
7.6	-10.7	-1.5	0	230.4	214.2	37615	1	1
9	-11.5	-1.7	0	273.6	212.7	37539	0.5	0.5
10	-10.8	-1.5	0	221.5	192.6	37464	1.3	1.3
10.3	-10.2	-0.6	0	295.3	197.4	37391	4.3	4.3
9	-5	2	0	400.6	199.2	37320	3	3
0.9	-10.7	-3.9	0	221.3	209.9	37251	2.8	2.8
4.9	-14.8	-5.7	0	156.1	165	37183	2	2
5.5	-12.4	-3.6	0	198.1	180.7	37116	2.3	2.3
7.7	-13.2	-2.3	0	197.8	194.7	37052	1.3	1.3
4.7	-10	-1.4	0	305.4	169.5	36990	2.5	2.5
3.2	-9.3	-3.2	0	246.6	139.6	36929	1.5	1.5
2.9	-12.5	-5.2	0	178.2	190	36870	2.3	2.3
2.4	-13.1	-6.2	0	180.9	196.7	36813	1	1
3.9	-14.9	-6.6	0	167.8	195.2	36759	0.8	0.8
7.5	-14.1	-4.3	0	188.1	203	36706	2.3	2.3
7.4	-14.2	-4.2	0	224	195.5	36655	1.8	1.8
6.7	-14.6	-3.8	0	245.3	197.5	36606	3	3
7.3	-14.9	-4.7	0	197.6	189.9	36559	1	1
6.8	-14.3	-4	0	233.4	175.6	36515	2.5	2.5
9.5	-13.5	-3.3	0	276.5	189.3	36472	0.8	0.8
7.9	-14.9	-5	0	222.4	190.5	36432	1.3	1.3
9.1	-15	-3.7	0	220	185.6	36394	3.3	3.3
0.6	-14.4	-5.2	0	261.1	167	36358	2.3	2.3
1.4	-17.4	-8.5	0	169.8	188.1	36325	2.3	2.3
2.7	-15.9	-7.4	0	157.6	184.6	36293	2	2
4.4	-15.8	-7	0	146	187.1	36264	1.5	1.5
6.1	-16.2	-6	0	188.6	188.3	36237	0.8	0.8
6.8	-13.9	-1.3	0	337.6	185.4	36213	3.3	3.3
1.5	-10.1	-3.2	0	315	189.2	36191	3.5	3.5
1.8	-17.7	-8.6	0	172.7	183.2	36171	2	2
2.9	-17.9	-8	0	153.5	183.3	36154	1	1
3.4	-17.2	-7.7	0	161.8	182.2	36139	0.3	0.3
5.5	-16.4	-6.8	0	167.2	181.7	36126	0.3	0.3
7.2	-15.3	-5.8	0	180.3	176.6	36116	0.5	0.5
6.2	-14.5	-5.7	0	200.6	181.2	36108	1.3	1.3
5.7	-17	-6	0	204.4	185.4	36103	1.5	1.5
3.8	-17.1	-6.4	0	201.2	186.4	36100	1.8	1.8
4.5	-16.8	-7.8	0	177.2	181.5	36099	0.5	0.5
4.1	-18.2	-7.8	0	169.8	180.4	36101	0.8	0.8
0.9	-10.1	-5.5	0	251.8	124.9	36105	3.5	3.5
2.2	-17.6	-7	0	188.2	179.6	36112	0.8	0.8
0.9	-15.2	-6.9	0	187.9	181.4	36121	2.3	2.3
-2.9	-12.8	-7.9	0	154.7	137.6	36132	1.5	1.5
-3.6	-19.6	-11.4	0	147.4	182	36146	2	2
0.3	-20.5	-11	0	122	164.6	36162	2.5	2.5
1.1	-18.1	-8.1	0	151.9	153.3	36181	1.5	1.5
0.4	-10.8	-4.9	0	238.8	156.3	36202	5	5
2.4	-18.4	-9.4	0	153.4	183	36225	0.8	0.8
7.3	-17.2	-6.1	0	191.5	185.7	36251	2.8	2.8
