   -11.6   -21.7   -16.5     0.07     86.3     99.7   33421      4.3    148.3
   -12.3   -22.3   -16.3     0.05     63.1    116.2   33461      6.7    137.7
   -10.5   -21.9   -16.4     0.06     79.9    111.2   33504      3.4    141.7
   -10.9   -21.8   -16.5     0.09     89.0    111.8   33551      4.7    138.1
   -10.4   -21.4   -15.9     0.05    106.5    103.3   33601      4.0    144.3
   -11.4   -22.7   -16.0     0.15     93.6    117.3   33654      4.2    135.5
   -14.6   -19.0   -16.1     0.10    109.6     56.3   33710      5.3    187.2
    -9.2   -22.6   -15.5     0.14    102.8    115.9   33770      4.3    140.5
   -10.1   -22.3   -15.6     0.02    128.6    109.9   33832      4.0    138.1
   -11.2   -22.5   -15.9     0.09     96.0     97.6   33897      1.7    159.8
   -10.6   -19.5   -14.4     0.01    121.8     99.1   33966      2.1    159.2
    -9.9   -19.2   -14.2     0.01    116.4     84.1   34037      6.0    176.3
    -8.8   -18.0   -12.7     0.02    156.0     93.7   34111      5.4    165.5
    -9.3   -20.8   -15.3     0.30    136.5    103.8   34188      4.5    149.1
   -10.9   -20.8   -15.8     0.05    120.8    124.9   34268      3.0    129.5
    -9.4   -23.5   -16.3     0.01    104.3    113.3   34351      2.9    146.9
    -9.7   -26.1   -16.3     0.04    116.7    110.4   34436      1.4    145.2
    -8.6   -24.2   -13.5     0.09    142.7    122.8   34524      3.3    135.0
    -8.6   -21.3   -14.0     0.04    152.0    119.3   34615      3.5    136.3
    -6.7   -23.2   -14.4     0.04    157.7    130.5   34708      2.2    128.6
    -7.8   -21.9   -15.2     0.05    133.1    124.6   34803      2.8    137.7
    -9.6   -23.7   -15.2     0.06    127.6    132.0   34901      3.2    127.4
    -6.3   -21.4   -12.3     0.01    180.4    131.9   35002      2.8    137.9
    -6.3   -20.2   -11.9     0.05    170.4    129.7   35105      1.9    150.3
    -5.2   -20.6   -12.3     0.01    180.5    134.0   35209      4.9    144.3
    -5.2   -19.7   -11.5     0.01    192.9    113.4   35317      5.6    163.0
    -3.4   -17.5   -11.2     0.02    233.8    115.8   35426      3.0    157.6
    -7.5   -16.6   -12.3     0.08    191.7    110.7   35537      5.1    162.3
   -10.1   -25.5   -17.2     0.27    119.3    135.5   35651      4.1    128.1
   -12.5   -27.3   -18.6     0.06     86.5    145.0   35766      3.1    124.4
   -11.3   -24.6   -16.4     0.03    111.1    145.8   35884      3.0    127.9
    -9.1   -24.6   -15.8     0.09    121.2    141.1   36003      3.9    137.0
    -8.4   -21.8   -14.4     0.03    148.3    146.0   36124      3.0    133.9
    -7.4   -22.6   -14.4     0.05    162.3    132.8   36247      2.2    144.7
    -8.6   -23.2   -16.1     0.01    128.6    146.0   36372      2.4    138.1
    -7.7   -21.5   -12.4     0.01    145.9    148.5   36498      1.4    148.0
    -6.1   -19.5   -13.0     0.02    177.6    153.3   36626      2.4    136.6
    -8.5   -18.0   -11.4     0.04    163.2    114.3   36755      5.6    178.0
    -3.7   -15.3   -10.5     0.07    202.5     84.1   36886      6.0    209.7
    -7.4   -20.5   -13.8     0.08    147.8    151.5   37019      2.0    142.9
    -5.3   -20.4   -12.3     0.01    188.1    160.3   37153      2.7    137.3
    -4.6   -21.3   -12.5     0.01    169.3    152.9   37288      2.4    154.6
    -3.2   -23.2   -11.4     0.01    210.8    159.6   37424      1.2    147.2
    -0.6   -15.7    -6.2     0.03    299.2    169.7   37562      5.3    157.3
     2.4   -13.6    -6.2     0.02    379.8    136.8   37701      5.9    179.9
     0.5   -13.7    -6.8     0.02    324.1    139.6   37841      1.7    176.1
    -2.7   -16.7    -9.2     0.06    219.2    179.9   37983      2.0    147.7
    -2.8   -19.4    -9.2     0.11    243.0    170.9   38125      3.2    148.5
    -2.9   -14.2    -7.5     0.25    286.5    165.6   38269      6.0    154.2
    -1.2   -15.9    -8.2     0.01    283.8    170.6   38413      1.3    154.0
    -5.3   -17.9   -11.2     0.04    211.2    153.0   38559      5.9    156.7
   -11.9   -26.2   -17.5     0.24    111.6    161.7   38705      8.9    132.8
   -13.4   -29.5   -21.4     0.09     77.2    186.9   38853      6.5    113.8
   -12.9   -27.5   -17.9     0.09     63.2    177.0   39001      1.7    140.0
   -10.3   -21.1   -15.6     0.05    132.7    184.8   39150      1.9    132.2
    -6.9   -19.2   -12.6     0.03    190.0    191.6   39300      2.6    132.6
    -3.8   -17.9    -9.7     0.01    226.2    185.4   39450      3.3    152.1
    -2.6   -17.6   -10.7     0.01    255.7    185.4   39601      3.6    141.2
    -5.4   -20.2   -12.0     0.03    199.5    193.9   39753      1.9    135.4
    -3.6   -17.8    -9.0     0.02    237.3    198.6   39906      4.7    154.1
    -2.7   -13.4    -8.7     0.03    273.0    190.8   40059      4.2    160.9
    -4.0   -13.1    -8.4     0.02    266.4    190.3   40212      2.3    161.7
    -4.1   -14.1    -8.2     0.02    207.6    175.0   40367      3.1    182.3
    -4.5   -17.0    -9.4     0.03    217.7    206.9   40521      4.7    153.7
    -5.0   -14.4   -10.3     0.07    234.9    214.3   40676      6.9    141.3
    -1.8   -14.8    -8.6     0.13    294.4    208.7   40832      2.5    149.8
    -1.1   -13.3    -5.7     0.01    309.2    220.6   40988      3.0    160.0
     0.1   -11.1    -5.5     0.01    367.4    211.3   41144      4.2    161.8
     1.5    -8.4    -2.6     0.01    433.2    225.6   41301      4.1    162.4
     0.3    -7.8    -3.2     0.01    403.9    227.4   41458      4.8    167.1
    -4.0   -15.2    -7.8     0.08    205.3    198.9   41616      5.8    170.4
    -2.0   -20.4    -8.1     0.01    242.4    231.1   41773      1.0    151.0
    -1.1   -10.3    -5.5     0.01    320.1    238.3   41931      3.3    158.1
     0.1   -12.8    -5.9     0.03    321.0    246.5   42089      2.0    156.6
     5.3   -13.9    -1.9     0.01    390.2    236.5   42248      2.6    179.4
     6.6    -7.4     0.9     0.01    530.2    239.3   42406      3.6    175.4
     7.4    -4.8     0.9     0.01    569.2    232.4   42565      4.8    192.8
     5.6    -4.2     1.1     0.07    569.0    220.5   42723      3.2    194.0
     6.8    -4.1     2.5     0.03    557.1    193.5   42882      3.8    224.1
     7.2    -7.1    -0.3     0.02    483.3    206.6   43041      3.8    210.7
     6.3    -6.4     1.4     0.19    476.0    205.0   43200      3.3    219.5
     2.6    -6.8    -3.0     0.25    341.3    138.4   43358      7.0    234.1
    -0.2    -7.0    -3.5     0.13    224.9    143.5   43517      4.7    237.2
    -4.8   -12.3    -7.3     1.06     76.1     83.7   43676      3.7    249.2
    -2.4   -13.7    -6.6     0.13    132.6    216.1   43835      2.1    195.3
    -1.2   -10.8    -5.7     0.48    225.9    230.6   43993      3.0    187.2
     0.3   -12.0    -5.2     0.02    298.8    259.0   44151      2.2    171.8
     1.1   -14.6    -4.7     0.05    287.6    262.7   44310      3.9    174.3
     1.9    -9.9    -3.3     0.03    324.5    274.7   44468      4.8    176.5
     3.8    -7.4    -1.4     0.22    437.5    272.3   44626      4.6    179.6
     2.8   -11.5    -3.6     1.37    318.6    239.2   44783      5.3    194.8
     1.1   -14.7    -5.3     0.62    336.1    249.7   44941      4.1    174.8
     0.7   -10.8    -4.8     0.04    376.6    252.6   45098      1.7    171.0
     2.6   -12.1    -3.7     0.01    396.2    281.5   45255      1.8    163.5
     3.8    -9.1    -3.5     0.09    436.7    232.1   45411      5.2    188.8
     1.4   -11.0    -4.0     0.02    424.2    275.6   45567      4.7    144.8
     3.5   -11.0    -3.8     0.01    442.4    290.2   45723      2.4    153.0
     5.1   -12.1    -1.3     0.01    504.3    301.1   45878      3.0    155.1
     4.7    -6.2    -0.3     0.02    450.9    254.8   46032      3.8    198.0
     3.5    -8.6    -2.9     0.11    450.6    267.4   46187      3.5    177.8
     4.1    -9.5    -2.3     0.19    458.6    265.2   46340      4.0    183.3
     5.0   -10.6    -1.8     0.01    472.4    286.4   46493      3.3    176.9
     6.5    -7.3     0.8     0.01    567.1    281.5   46646      3.6    188.4
     6.4    -3.8     1.4     0.10    596.5    292.8   46798      3.8    188.3
     8.8    -3.6     4.0     0.02    682.9    283.0   46949      2.6    205.0
     7.3    -1.6     4.0     0.23    650.4    277.5   47099      4.3    209.3
     8.9    -5.9     3.1     0.05    604.9    295.6   47249      4.2    201.5
     8.5     0.4     4.9     0.03    637.5    272.7   47398      4.8    227.0
     8.7    -4.3     3.0     0.04    602.7    277.5   47546      4.8    213.2
     5.8    -7.6    -0.3     0.51    414.3    275.4   47694      5.4    209.7
     4.1    -6.1    -1.2     0.34    378.6    313.1   47840      3.1    192.8
     4.9    -6.9    -0.3     0.13    460.5    269.0   47986      4.1    207.0
     6.3    -6.1     0.1     0.12    511.5    322.7   48130      5.9    182.0
     6.9    -7.9    -0.2     0.03    513.6    300.7   48274      5.3    192.9
     9.5    -7.3     2.8     0.01    644.7    295.6   48416      3.9    201.5
     9.5    -4.3     4.4     0.03    676.5    290.0   48558      4.3    214.3
    11.1    -0.0     6.6     0.06    786.3    312.4   48698      5.7    219.2
     8.1    -0.7     4.4     1.08    573.1    264.3   48837      5.0    239.1
     5.9    -1.0     2.5     0.82    551.9    299.2   48975      4.6    213.4
     6.9    -2.8     1.7     0.09    487.5    246.6   49111      3.2    233.6
     4.0    -7.4    -1.3     0.95    421.9    281.6   49246      6.0    203.2
     1.8    -9.5    -3.0     0.68    260.8    277.0   49380      4.2    209.0
     6.8    -5.9     1.4     0.88    431.4    301.0   49513      2.8    215.5
    12.5    -3.7     6.4     0.01    733.6    335.3   49644      4.0    217.3
    14.4     1.7     8.2     0.05    976.9    313.7   49773      4.0    225.1
    16.3     1.9    11.0     0.01   1171.0    338.7   49901      5.9    216.0
    18.2     4.0    11.0     0.01   1241.6    341.3   50027      6.0    224.5
    14.9     1.7     8.6     0.14    947.3    333.2   50152      4.2    227.4
    15.5     1.3     9.3     0.13    963.8    343.7   50275      4.0    227.5
    16.9     3.2    11.6     0.03   1105.1    343.3   50396      5.9    236.1
    17.2     3.8    10.3     0.16    994.2    323.3   50515      5.4    249.4
    12.3    -0.2     6.6     3.77    726.2    312.6   50633      5.0    235.3
    11.5    -1.9     4.5     0.43    671.9    333.2   50748      7.8    218.4
     9.9    -2.9     4.2     0.24    751.9    364.5   50862      4.2    183.0
    17.1     0.4     8.8     0.48   1091.5    365.0   50973      3.7    209.4
    18.9     2.6    11.4     0.02   1286.3    372.5   51082      3.2    212.3
    15.4     5.4     9.9     0.01   1032.9    328.6   51190      3.7    241.6
    13.6     4.8     9.2     0.75   1007.0    350.9   51294      6.0    220.7
    11.8     1.4     7.1     0.04    861.6    266.5   51397      5.7    247.3
    11.3    -0.6     6.2     0.06    817.7    348.0   51498      3.1    208.6
    12.4     1.4     7.4     0.18    854.4    351.6   51596      3.0    219.8
    14.3     0.4     8.6     0.06    892.3    336.5   51691      3.3    233.6
    15.0     0.1     8.9     0.05    950.6    336.8   51784      2.3    233.5
    14.3     3.8     9.1     0.07    956.2    304.2   51875      5.3    249.8
    15.1     3.8    10.8     0.19   1002.9    344.7   51963      5.7    241.5
    15.5     2.3     9.2     0.18    853.7    286.7   52048      5.1    263.7
     5.6    -3.0     1.8     0.51    416.2    295.3   52131      7.7    229.4
     6.7    -3.3     2.1     0.20    531.6    366.5   52211      6.8    201.9
    10.2    -5.0     4.2     0.21    664.1    371.4   52288      6.6    198.8
    13.3     0.8     7.4     0.05    975.8    381.5   52362      4.6    195.9
    14.4     1.0     9.2     0.03   1044.3    354.5   52433      5.9    214.9
    13.5     6.7     9.9     0.05   1072.4    356.1   52502      6.0    226.7
    14.8     5.8    10.4     0.04   1055.3    366.8   52567      3.2    230.2
    18.5     4.8    12.4     0.01   1314.1    373.4   52629      3.6    227.7
    18.1     7.3    12.8     0.01   1339.7    377.8   52689      4.8    230.2
    18.0     3.3     9.8     0.11   1098.2    342.8   52745      6.1    242.3
    13.2     0.6     7.0     1.19    893.6    376.5   52798      5.0    209.3
    17.1    -1.1     8.5     0.22   1021.9    377.5   52848      2.1    215.5
    18.1     2.6    12.5     0.03   1275.5    380.0   52895      5.0    220.6
    16.7     5.4    11.4     0.02   1129.3    331.4   52938      5.0    251.6
    18.3     6.1    12.7     0.16   1204.7    362.8   52978      3.6    249.2
    20.0     9.1    14.9     0.02   1424.4    364.3   53015      4.5    256.8
    21.0     9.8    15.8     0.08   1528.8    348.3   53049      6.6    263.7
    19.0     9.6    14.3     0.10   1290.9    347.8   53079      5.2    265.5
    20.3     8.6    14.6     0.06   1322.1    313.1   53105      3.9    282.4
    20.1     8.9    14.2     1.12   1248.4    368.5   53129      6.8    263.6
    15.1     5.4    10.7     0.29    807.9    340.3   53149      4.8    261.6
    16.8     5.1    11.5     0.23   1074.2    373.3   53165      2.9    241.4
    14.7     4.0     8.2     0.97    857.3    281.9   53178      3.3    264.2
    17.2     4.1    10.6     0.89   1104.6    380.0   53188      3.2    227.4
    18.4     6.0    13.4     0.05   1289.9    365.0   53194      3.1    244.0
    19.2    10.4    14.9     0.01   1366.1    340.0   53196      3.2    269.3
    16.5     6.9    11.5     0.15    941.4    296.8   53195      5.1    277.8
    14.5     6.4    11.1     0.57    793.8    330.1   53191      5.4    270.3
    16.8     5.1    11.1     0.43    967.0    363.7   53183      2.4    252.3
    19.5     8.9    15.3     0.15   1347.6    354.3   53172      6.5    267.2
    19.7    11.4    15.8     0.28   1347.2    365.0   53157      3.8    272.0
    19.4    11.5    15.6     0.08   1342.1    279.1   53139      4.4    299.1
    19.2     9.0    14.1     0.09   1155.9    330.5   53117      2.9    277.9
    17.3     6.0    11.9     0.28   1035.5    350.0   53092      4.8    257.2
    17.1     3.1    10.7     1.00    970.0    347.3   53064      3.4    253.1
    21.3     3.6    13.7     0.41   1312.6    341.2   53032      2.6    263.1
    20.8     7.2    12.3     0.11   1207.9    288.8   52997      5.7    280.9
    16.9     5.8    12.3     0.14   1011.1    268.4   52959      4.0    287.5
    18.8     7.6    13.7     0.19   1199.6    337.5   52917      4.0    267.7
    14.8     3.7     9.9     0.25    809.6    309.5   52872      6.1    264.8
    20.2     2.2    12.7     0.58   1243.5    369.4   52823      3.3    240.3
    21.6     8.2    15.9     0.05   1505.4    343.6   52772      6.2    266.0
    21.8    11.2    17.3     0.55   1573.1    335.0   52717      4.6    281.5
    22.2    11.8    17.0     0.16   1568.5    344.4   52660      5.1    277.8
    22.4    11.9    16.6     1.03   1477.7    225.1   52599      7.1    322.9
    12.2     4.6     8.5     1.20    355.8    150.4   52535      4.8    315.6
    19.8     4.3    12.8     0.07    907.2    332.7   52468      3.5    278.3
    19.2     9.4    14.7     0.10   1145.8    319.0   52398      5.0    284.7
    21.4     7.8    15.6     0.06   1329.0    331.5   52325      3.5    279.4
    19.8     8.9    14.3     0.25   1233.7    153.5   52249      6.4    336.3
    19.2     8.2    14.0     0.27   1102.7    334.2   52171      2.3    278.0
    20.0     6.7    14.3     0.05   1178.3    335.4   52090      4.1    273.8
    18.8     9.0    14.3     0.14   1145.4    250.0   52006      7.0    303.7
    12.7     6.0     9.8     2.17    550.8    153.3   51919      3.5    318.3
    16.1     7.2    11.6     0.22    941.4    285.0   51830      4.4    278.8
    20.2     7.5    14.2     0.05   1196.3    351.2   51738      2.5    266.2
    22.0    11.6    17.6     0.28   1529.8    281.9   51644      5.9    306.0
    22.1    11.5    16.9     2.17   1387.3    232.1   51547      5.8    324.2
    14.7     7.1    11.2     2.37    595.5    310.6   51448      3.1    281.4
    16.7     5.4    11.2     0.41    885.8    320.7   51346      4.1    266.4
    19.3     3.9    12.4     0.16   1005.1    338.5   51242      2.0    262.6
    17.4     6.6    13.1     0.08    917.5    289.5   51136      5.4    287.1
    16.5     7.3    11.7     0.27    893.1    270.4   51028      4.3    284.6
    16.7     6.3    11.6     0.25   1014.8    341.3   50918      3.7    251.9
    18.4     4.6    12.1     0.13   1148.3    340.7   50805      4.5    248.7
    16.0     4.5    11.3     0.14    953.7    308.3   50691      2.0    261.3
    22.1     4.4    14.1     0.03   1319.1    335.1   50574      2.5    263.1
    23.1    11.3    17.1     0.02   1736.8    349.5   50456      4.3    260.3
    23.5    10.7    17.7     0.05   1741.9    342.2   50336      4.1    267.4
    23.2    11.3    17.7     0.04   1658.1    317.8   50214      4.6    283.1
    22.4    10.9    15.8     0.05   1456.4    302.3   50090      5.9    284.2
    14.6     6.7    10.8     0.32    699.9    213.5   49964      2.2    299.9
    16.8     6.7    11.9     0.11    913.8    316.2   49837      3.3    266.8
    20.4     7.5    14.4     0.13   1271.7    298.2   49709      3.6    277.5
    21.4     8.4    16.1     0.15   1402.0    300.9   49578      3.8    282.4
    20.3     8.6    13.8     0.09   1210.8    294.9   49447      5.8    277.8
    15.9     2.3     9.0     1.11    833.3    265.9   49314      6.0    264.7
    12.2     1.3     7.4     1.05    705.3    328.5   49179      4.2    230.9
    16.1     3.7    11.6     0.03    999.0    313.6   49043      3.5    250.8
    17.9     8.8    13.8     0.07   1250.5    294.6   48906      5.4    266.0
    16.1    10.0    12.7     0.36   1034.0    177.4   48768      4.2    313.4
    15.3     2.5    10.0     0.14    851.8    286.3   48628      5.0    259.1
    16.6     0.9    11.0     0.16    906.7    319.3   48487      2.7    248.4
    18.0     7.8    13.1     0.05   1159.7    323.9   48345      4.2    254.0
    19.4     7.9    13.9     0.09   1274.9    292.5   48202      4.5    266.7
    19.3     4.8    13.1     0.07   1165.1    314.1   48058      5.2    254.6
    18.9     7.7    14.4     0.02   1334.5    308.9   47913      5.6    251.3
    21.1     7.6    15.5     0.06   1517.4    319.5   47767      4.8    247.9
    19.5     7.0    14.6     0.09   1234.8    311.6   47620      3.9    261.5
    12.6     2.8     9.8     0.08    616.3    184.8   47472      2.8    296.8
    15.8    -0.6    10.0     0.12    764.9    286.1   47324      3.7    255.1
    12.5     4.1     9.5     0.35    651.8    240.5   47174      2.9    273.5
    12.5     1.5     7.3     1.15    620.9    270.3   47024      3.0    250.4
    15.8     2.1     9.9     0.18    904.5    299.1   46873      2.8    242.6
    17.6     3.1    10.5     0.02   1053.1    289.5   46722      4.9    239.1
    18.7     4.0    12.8     0.04   1158.5    290.7   46570      5.4    246.8
    20.9     6.3    14.4     0.25   1386.1    284.4   46417      6.2    250.4
    17.8     3.9    12.8     0.76   1086.3    263.5   46264      4.6    261.5
    17.6     5.2    11.7     0.48   1030.0    260.2   46110      4.0    260.1
    18.1     4.8    12.1     0.75   1092.7    279.0   45955      3.7    250.5
    20.3     5.6    13.8     0.03   1358.7    274.5   45800      3.3    245.2
    18.8     7.8    13.1     0.09   1231.6    194.6   45645      5.6    290.1
     9.5     1.4     6.3     0.17    446.9    173.1   45489      3.3    276.3
    14.2    -1.0     8.1     0.16    723.0    250.3   45333      2.8    244.3
    15.1     5.8    10.7     0.21   1015.2    237.3   45176      4.1    256.8
    14.6     3.1     8.6     0.35    924.1    261.8   45019      3.7    233.3
    14.4     2.7     9.3     0.22    954.9    241.6   44862      4.4    240.7
    14.5     3.1     9.0     0.08    942.0    258.5   44705      4.6    230.4
    14.5     1.3     8.3     0.17    936.1    262.8   44547      5.0    221.7
    13.6     3.3     8.8     0.08    936.1    267.7   44389      3.9    222.1
    13.8     1.7     8.0     0.05    840.9    264.1   44231      4.1    227.2
    12.4     0.2     6.5     0.05    818.3    262.3   44072      3.8    210.8
    12.4    -0.6     7.1     0.03    828.9    253.0   43914      4.4    216.7
    14.7    -1.5     6.7     0.02    890.6    253.0   43755      2.1    209.5
    14.8    -1.6     7.9     0.02    841.0    247.3   43596      3.6    228.2
    13.4     0.9     7.6     0.01    800.4    248.7   43438      3.4    226.6
    14.1     1.8     8.3     0.02    882.6    238.1   43279      3.3    231.5
    13.5     0.5     6.9     0.07    835.8    239.9   43120      4.1    223.5
    13.0    -1.2     5.5     0.13    758.9    244.5   42961      3.0    214.2
    12.3    -3.9     3.9     0.02    667.4    230.5   42803      3.7    215.7
    13.1    -2.1     7.4     0.03    787.6    219.6   42644      2.7    229.8
    12.7    -3.4     5.4     0.28    726.1    239.8   42485      3.2    211.3
    10.8    -5.8     2.8     0.16    615.3    227.6   42327      2.6    207.8
    11.0    -2.2     4.4     0.08    699.3    223.6   42168      4.7    213.1
    10.4    -2.6     3.8     0.15    643.0    221.9   42010      4.2    214.6
    10.0    -2.2     3.5     0.13    660.4    216.6   41852      4.7    211.2
     9.7    -3.9     2.5     0.02    627.7    216.6   41694      4.2    205.9
     8.1    -5.7     2.3     0.10    549.8    216.9   41537      2.3    204.6
     9.2    -4.9     3.0     0.01    582.6    216.5   41380      3.6    207.1
    10.2    -4.1     2.9     0.02    656.3    215.1   41223      3.2    200.8
    11.0    -3.3     4.6     0.02    665.8    206.9   41066      2.7    217.3
     9.8    -2.5     3.7     0.31    579.4    194.8   40910      3.1    224.7
     9.2    -3.3     3.3     0.22    527.2    201.2   40754      3.6    219.4
     9.4    -3.5     3.4     0.11    646.4    171.5   40599      4.0    226.9
     7.8    -5.3     1.6     0.28    513.9    194.9   40444      3.0    210.3
     7.8    -8.3     0.9     0.08    442.3    190.6   40289      1.9    212.7
     8.0    -4.0     1.8     0.03    512.6    193.8   40135      3.4    212.0
     6.0    -9.0    -1.8     0.46    390.7    185.2   39982      2.0    198.4
     6.4    -8.0    -1.6     0.02    459.1    187.7   39829      1.7    192.3
     7.6    -5.8     1.2     0.02    522.0    183.9   39677      2.6    204.8
     8.5    -6.6     3.1     0.11    613.0    193.3   39526      4.5    196.8
     8.1    -6.1     2.3     0.11    534.1    142.5   39375      3.9    232.3
     6.1    -9.4    -0.5     1.13    461.0    193.9   39225      3.3    186.4
     6.1    -8.0    -1.1     0.13    421.3    184.7   39075      2.0    196.2
     7.2    -5.5     1.6     0.01    556.8    181.9   38927      4.5    195.6
     9.2    -4.3     1.9     0.13    614.3    143.5   38779      3.3    224.4
     2.5    -7.6    -1.9     0.20    353.9     87.5   38632      2.4    250.3
     2.1    -8.4    -3.1     0.11    281.4    150.9   38486      1.6    208.2
     1.4   -11.9    -4.8     0.09    321.6    158.5   38341      7.3    182.7
    -3.6   -16.7    -9.6     0.21    211.5    172.6   38197      1.6    154.1
    -0.5   -15.4    -8.3     0.01    297.5    177.2   38054      1.4    148.4
     1.3   -16.4    -7.8     0.01    311.2    175.0   37912      1.5    151.5
     1.0   -17.8    -6.6     0.01    288.5    165.8   37771      0.7    167.8
     2.0   -13.1    -5.3     0.01    360.2    163.5   37632      1.9    166.8
     3.4    -8.1    -2.7     0.01    435.0    162.6   37493      1.8    176.9
     5.0    -7.2    -1.4     0.02    505.6    159.0   37356      0.9    180.4
     4.5    -8.3    -2.2     0.02    473.6    149.5   37220      1.7    184.6
     4.9    -7.5    -2.7     0.01    419.2    153.5   37085      3.6    189.3
     4.4    -8.2    -3.2     0.03    401.6    149.9   36952      1.8    187.6
     3.4   -10.7    -3.9     0.02    349.3    150.6   36821      1.5    183.4
     3.0   -12.0    -3.3     0.01    332.1    151.3   36690      1.2    185.5
     4.7    -9.1    -2.6     0.01    425.1    148.9   36562      6.3    183.3
     2.6   -11.5    -5.2     0.02    310.2    157.3   36435      1.2    173.2
     3.0    -8.4    -1.4     0.14    358.7    140.9   36309      3.4    197.2
    -2.4   -17.1    -9.2     0.50     89.9     99.0   36185      6.3    207.7
    -6.9   -20.3   -11.7     0.62    144.8    138.4   36063      3.0    157.3
    -4.7   -15.3    -9.1     0.01    195.3    147.8   35943      5.1    156.0
    -1.3   -14.2    -8.7     0.01    257.1    141.3   35825      1.3    160.2
    -2.1   -15.4    -8.9     0.01    230.7    137.9   35708      1.2    162.9
    -1.1   -15.1    -8.2     0.02    240.7    135.7   35594      1.1    164.3
    -0.2   -12.1    -5.5     0.01    334.7    134.1   35481      1.6    168.3
     0.6   -11.4    -4.6     0.01    359.4    138.6   35371      3.3    163.9
     1.5    -9.2    -4.3     0.03    398.4    117.2   35263      2.6    181.1
    -0.1   -12.7    -8.5     0.01    261.4    132.4   35157      1.8    165.1
     0.3   -13.1    -5.9     0.01    293.6    128.8   35053      1.4    174.1
    -0.2   -12.4    -6.6     0.03    224.4    127.8   34951      1.9    177.6
    -2.0   -15.0    -9.4     0.02    195.3    123.4   34852      1.7    170.6
    -2.3   -11.7    -7.5     0.01    213.6    123.0   34755      2.3    174.8
    -1.5   -14.1    -8.8     0.01    244.5    123.6   34661      2.9    164.9
    -5.2   -18.2   -12.2     0.04    173.2    129.8   34569      1.0    144.1
    -4.3   -17.5   -10.7     0.01    210.5    125.2   34480      1.5    147.0
    -5.0   -17.5   -11.0     0.08    175.4    102.1   34393      1.0    170.6
    -4.6   -20.0   -10.1     0.04    159.7    118.9   34309      1.9    162.9
    -4.1   -14.5    -9.8     0.02    201.7    119.0   34228      1.5    159.9
    -1.9   -14.5    -8.7     0.05    253.9    120.8   34150      0.7    152.2
    -5.4   -22.7   -14.4     0.13     85.3    108.2   34074      7.7    158.1
   -12.9   -25.9   -19.4     0.17     69.1    103.5   34001      0.7    147.8
   -13.4   -24.4   -19.0     0.01     76.9    109.5   33931      1.6    137.7
   -13.2   -25.5   -19.0     0.03     71.0    115.7   33864      1.6    133.9
   -12.0   -29.4   -20.3     0.02     78.8    117.2   33800      1.0    124.8
   -12.0   -27.7   -19.1     0.01     78.3    120.0   33739      0.2    124.7
   -10.6   -24.0   -16.7     0.01    113.1    112.5   33682      0.8    132.8
   -10.9   -26.5   -17.9     0.01     88.6    104.8   33627      0.3    139.6
   -10.5   -22.7   -14.9     0.01    128.6    112.6   33576      1.4    133.1
    -9.5   -19.5   -14.1     0.01    145.7    116.7   33527      1.3    133.5
    -8.2   -19.0   -14.1     0.01    145.9    114.2   33482      2.6    139.7
    -5.1   -17.7   -12.9     0.01    188.9    114.6   33440      1.3    140.3
    -6.0   -17.9   -13.4     0.01    182.0    117.6   33402      2.1    130.5
    -6.7   -19.5   -13.5     0.03    167.7     96.4   33367      1.3    154.0
    -7.9   -21.5   -13.6     0.02    149.0    111.7   33335      0.8    139.1
    -7.3   -21.0   -13.6     0.01    141.4    102.3   33307      1.3    152.0
   -10.4   -23.8   -16.1     0.01    100.3    107.2   33282      1.8    139.7
    -7.7   -20.4   -14.4     0.01    138.6    106.5   33260      2.3    143.0
    -8.6   -18.5   -13.8     0.01    139.5    105.5   33242      0.6    148.5
    -7.7   -16.1   -12.9     0.01    156.4    101.9   33227      0.8    151.7
    -7.6   -18.9   -13.7     0.01    142.7     90.8   33216      3.7    162.4
    -9.1   -22.7   -16.5     0.01     88.4    106.0   33208      0.8    142.0
    -8.8   -24.4   -16.4     0.01    116.8    110.6   33204      1.0    130.9
    -9.8   -26.6   -16.6     0.02    102.8    107.0   33203      0.8    135.5
    -9.5   -18.7   -15.0     0.01    118.3    109.1   33205      3.0    140.4
    -8.1   -23.4   -15.8     0.01    147.1    109.6   33211      2.0    120.6
    -8.1   -18.1   -13.6     0.01    152.9    115.0   33221      1.8    129.0
    -7.6   -16.9   -11.9     0.01    162.9     93.0   33234      2.1    165.5
    -5.4   -19.3   -12.5     0.01    177.1     96.6   33250      1.8    154.3
    -7.2   -18.4   -11.7     0.01    147.7    109.1   33270      5.6    151.6
    -8.9   -14.5   -10.9     0.01    182.4     98.3   33294      3.4    155.8
    -7.8   -17.7   -12.9     0.01    164.7     74.4   33320      4.2    179.6
    -8.7   -17.0   -12.6     0.06    174.3     97.3   33350      4.8    149.6
   -12.4   -21.9   -17.3     0.09     89.0    108.4   33384      1.4    134.2
   -11.7   -24.3   -18.2     0.01     81.8    108.3   33421      2.3    134.4
   -14.2   -25.6   -19.5     0.01     80.4    112.0   33461      1.5    120.3
   -13.5   -28.9   -19.9     0.08     51.2    104.7   33504      0.9    138.3
   -10.7   -26.7   -16.3     0.15     64.9    106.9   33551      1.1    146.6
   -11.1   -21.6   -16.9     0.01     96.7    109.6   33601      1.8    133.5
   -12.6   -23.3   -18.0     0.01     85.3    102.8   33654      0.9    141.8
   -10.1   -20.8   -15.4     0.01     97.4    111.2   33710      2.0    142.0
    -9.1   -23.1   -16.2     0.03    113.7    108.4   33770      1.2    142.6
    -9.4   -21.3   -14.9     0.03    117.3     66.3   33832      5.3    189.2
   -11.6   -24.0   -16.9     0.05     76.4    110.8   33897      1.6    141.9
   -10.8   -21.8   -16.6     0.01     97.4    110.8   33966      2.7    142.6
    -9.8   -21.4   -15.7     0.05    105.7    107.4   34037      3.6    148.1
   -10.8   -23.0   -17.2     0.02    111.5    118.1   34111      4.7    132.6
   -11.5   -22.4   -17.5     0.34    103.0    121.7   34188      1.3    127.7
   -11.2   -21.9   -16.3     0.06    116.9    122.3   34268      2.2    128.3
   -11.0   -22.4   -16.0     0.02    125.2    113.7   34351      4.8    124.3
    -8.5   -21.6   -14.5     0.01    166.5    106.8   34436      4.5    142.9
    -9.1   -23.6   -16.5     0.01    133.8    124.2   34524      2.6    128.9
    -9.7   -20.7   -15.1     0.06    139.0     82.0   34615      1.2    174.5
    -8.6   -24.0   -14.8     0.06    145.3    101.8   34708      2.4    157.1
    -8.9   -17.1   -12.1     0.05    131.5    112.6   34803      3.0    164.1
   -12.7   -25.3   -17.0     0.13     69.5    101.1   34901      5.2    159.0
   -15.0   -26.8   -20.0     0.16     69.1    116.9   35002      0.7    135.0
   -12.8   -22.1   -16.5     0.01     97.1    121.4   35105      0.6    142.3
    -9.4   -20.2   -12.8     0.01    122.9    112.5   35209      2.8    162.9
    -6.5   -21.0   -12.2     0.01    154.0    101.1   35317      1.9    174.6
    -4.9   -22.9   -10.1     0.01    163.8    126.1   35426      3.1    165.9
    -2.5   -12.0    -6.9     0.01    271.2     89.3   35537      2.6    201.8
    -5.4   -14.0    -9.4     0.03    183.7     41.8   35651      4.3    239.2
    -5.8   -18.5   -13.0     0.11    127.7    137.8   35766      3.6    151.7
    -5.5   -18.6   -12.5     0.01    190.8    142.9   35884      1.4    140.2
    -6.3   -20.0   -13.7     0.02    159.2    142.8   36003      1.7    143.2
    -7.0   -20.3   -14.4     0.02    161.0    139.7   36124      1.9    144.2
    -6.3   -19.7   -12.9     0.01    170.3    149.1   36247      2.5    143.2
    -7.0   -18.5   -12.8     0.02    154.5    135.0   36372      2.2    155.0
    -7.0   -19.5   -13.1     0.01    134.8    152.1   36498      0.8    148.9
    -4.5   -20.0   -10.0     0.01    180.7    153.7   36626      2.9    155.7
    -4.1   -16.2   -10.8     0.01    217.1    130.0   36755      4.8    167.4
    -8.4   -19.0   -12.8     0.01    112.4    135.1   36886      4.5    165.4
    -6.2   -21.5   -11.6     0.01    148.6    155.5   37019      2.3    153.4
    -3.3   -16.0    -9.0     0.01    240.2    159.5   37153      1.1    144.4
    -3.7   -14.9    -8.8     0.01    224.0    135.8   37288      2.3    172.0
    -1.9   -11.4    -7.8     0.02    289.4     98.9   37424      4.1    204.7
    -3.6   -14.5    -9.7     0.10    209.3    161.3   37562      7.2    158.4
    -6.3   -16.3   -10.3     0.01    179.3    152.3   37701      4.9    163.6
    -3.5   -13.6    -7.7     0.01    239.7    154.9   37841      2.5    171.7
    -6.0   -14.2   -10.5     0.01    205.5    173.1   37983      5.6    147.1
    -7.3   -14.6   -11.3     0.02    189.0    143.1   38125      3.2    164.3
    -8.7   -14.6   -11.7     0.02    178.3    141.1   38269      5.2    165.5
    -8.2   -18.5   -12.7     0.06    138.8    168.1   38413      2.0    152.0
    -5.6   -16.7   -12.1     0.03    190.1    163.8   38559      6.2    152.8
    -8.4   -21.2   -14.4     0.02    152.8    180.9   38705      3.3    131.3
    -8.8   -23.2   -14.4     0.06    149.6    197.9   38853      1.3    121.2
    -6.5   -21.6   -14.1     0.01    172.3    192.8   39001      0.9    128.0
    -3.0   -20.3   -10.5     0.01    243.0    194.9   39150      1.8    134.2
    -0.7   -11.7    -6.2     0.01    317.5    179.5   39300      2.5    163.8
    -0.3   -11.3    -6.6     0.02    319.7    159.9   39450      2.4    181.9
    -2.3   -12.3    -7.7     0.01    280.9    152.7   39601      4.6    182.9
    -4.3   -15.1    -9.4     0.01    225.0    189.7   39753      3.1    154.9
    -3.7   -17.3    -9.1     0.01    218.3    189.5   39906      1.8    163.1
    -0.1   -12.2    -6.6     0.02    299.1    192.4   40059      3.7    174.6
     0.2   -10.3    -5.5     0.04    350.5    175.6   40212      3.8    180.3
     0.8   -11.8    -3.8     0.01    365.3    185.8   40367      2.6    183.6
     1.4    -7.5    -4.2     0.01    373.1    161.7   40521      5.8    202.5
    -6.7   -13.9    -8.8     0.19    121.1    145.4   40676      3.5    202.1
    -5.4   -14.8   -10.2     0.06    113.6    145.7   40832      1.6    199.4
     0.8   -14.0    -5.0     0.02    309.3    196.9   40988      3.5    181.2
    -3.9   -11.3    -7.3     0.09    182.2    118.1   41144      5.6    222.6
    -2.5   -12.6    -5.9     0.29    200.2    187.1   41301      3.6    195.3
    -0.4   -11.4    -5.6     0.03    301.1    198.3   41458      2.3    180.1
     2.6   -11.2    -3.4     0.01    345.0    212.0   41616      3.2    184.4
     0.5    -9.3    -4.7     0.03    273.1    110.4   41773      6.0    237.6
    -2.5   -15.6    -7.9     0.03    252.2    206.6   41931      5.5    168.2
    -0.6   -18.6    -8.2     0.02    261.7    204.3   42089      2.3    170.9
     1.6   -10.9    -3.9     0.01    338.3    231.3   42248      2.5    174.7
     4.1    -8.3    -1.9     0.01    475.8    231.7   42406      1.7    173.5
     6.7    -5.5     1.1     0.01    588.9    202.7   42565      3.5    205.0
     5.6    -5.4     0.0     0.01    510.6    118.6   42723      3.6    251.3
     5.0    -6.6    -0.9     0.03    508.8    224.0   42882      2.8    185.2
     6.8    -6.3     0.7     0.13    531.5    245.1   43041      2.4    188.8
     5.0    -7.7    -0.1     0.02    447.4    154.8   43200      3.6    240.3
     6.0    -9.9    -1.0     0.01    492.4    233.3   43358      5.4    187.2
     5.0    -5.3    -0.1     0.15    535.4    219.7   43517      6.6    194.3
    -1.3   -10.1    -4.9     0.04    244.1    189.8   43676      5.4    208.3
    -2.7   -12.6    -7.5     0.05    200.3    176.9   43835      7.1    206.2
    -4.7   -13.1    -8.0     0.02    133.0     84.8   43993      5.1    246.1
    -0.9   -12.6    -5.0     0.05    257.0    253.9   44151      7.8    177.6
    -0.0   -11.8    -5.3     0.19    300.0    265.5   44310      6.8    168.2
     3.0   -14.5    -5.6     0.11    354.8    267.9   44468      5.3    164.1
     2.5   -13.2    -4.4     0.06    379.2    271.5   44626      3.9    163.5
     6.5    -9.7    -0.0     0.03    496.5    264.6   44783      5.3    186.9
     7.0    -4.3     1.0     0.01    537.8    215.1   44941      3.3    219.4
     8.0    -4.1     2.9     0.01    584.7    227.9   45098      3.9    221.0
     6.9    -4.1     2.0     0.17    579.0    259.9   45255      3.7    200.7
     9.8    -6.1     2.5     0.15    648.3    250.5   45411      2.0    205.9
    10.1    -8.3     1.2     0.02    611.6    266.4   45567      4.4    197.7
     8.5    -5.8     2.3     0.03    606.0    248.0   45723      2.4    211.4
     9.7    -4.6     2.1     0.04    637.0    212.1   45878      4.8    229.8
     7.0    -5.8     2.0     0.19    553.4    250.8   46032      5.2    210.8
     3.3    -5.3    -0.8     0.31    403.8    217.2   46187      5.4    219.0
     1.5    -9.8    -3.6     0.58    388.4    231.5   46340      4.5    186.3
     1.3   -10.2    -3.9     0.04    320.8    228.1   46493      4.1    205.5
     7.0   -11.0    -0.3     0.02    479.7    293.7   46646      1.6    188.2
    11.1    -4.6     5.9     0.02    774.8    266.5   46798      4.9    218.3
     6.3    -7.5     0.7     0.62    369.8    148.6   46949      5.2    261.4
     5.3   -11.1    -0.7     0.44    343.0    290.2   47099      5.2    201.3
     7.2    -4.5     0.9     0.54    490.5    299.2   47249      6.5    201.6
     5.4    -7.8    -0.8     0.11    442.8    300.2   47398      4.7    189.2
     5.1   -10.5    -0.3     0.85    457.2    306.1   47546      4.1    187.1
     4.0    -3.7    -0.1     0.49    504.7    255.0   47694      3.2    209.4
     3.1    -9.2    -2.2     0.29    323.4    249.8   47840      4.2    214.9
     5.6   -11.6    -1.2     0.15    417.9    319.0   47986      3.9    184.7
     9.3    -9.7     2.4     0.01    600.0    319.2   48130      3.5    192.3
     9.6    -3.7     3.0     0.01    679.5    327.2   48274      4.5    193.1
     8.9    -4.9     3.0     0.05    636.7    326.5   48416      3.0    193.8
    10.9    -2.2     4.9     0.01    728.9    337.6   48558      3.6    201.5
     9.8    -6.0     1.7     0.26    567.2    268.3   48698      7.1    222.9
     8.2    -7.0     0.8     0.10    580.0    325.0   48837      2.9    184.1
     9.4    -6.0     4.5     0.04    612.6    327.9   48975      4.5    208.4
     7.9    -2.9     3.1     0.12    605.4    276.5   49111      4.3    219.1
     6.8    -2.6     1.9     0.12    504.3    279.6   49246      4.7    222.4
     7.7    -3.0     2.8     0.08    643.3    319.3   49380      2.7    198.5
     8.3    -1.8     4.1     0.34    605.9    232.7   49513      3.9    248.0
    10.7    -0.1     5.9     0.05    767.7    328.8   49644      4.5    212.9
     7.3    -7.4    -0.5     0.33    516.5    255.5   49773      6.9    214.9
     2.0    -8.6    -3.2     0.12    355.6    333.6   49901      5.1    180.4
     4.9   -10.6    -1.6     0.03    437.6    336.4   50027      3.2    181.6
     9.3    -4.6     2.9     0.07    646.3    352.1   50152      4.8    190.1
     8.6    -4.1     2.2     0.02    450.8    338.2   50275      4.7    215.1
    12.4    -3.2     4.9     0.09    790.4    347.5   50396      3.3    200.0
    12.4    -0.8     6.4     0.04    773.9    344.0   50515      4.9    219.7
    13.1    -0.5     6.6     0.06    771.6    350.0   50633      5.1    221.8
    14.4    -0.2     7.8     0.03    898.3    343.1   50748      3.5    222.3
    15.0     2.1     8.9     0.01    945.6    354.6   50862      3.5    224.6
    15.5     0.2     8.4     0.21    941.4    320.9   50973      3.3    235.9
    15.6    -3.0     8.0     0.13    869.9    335.1   51082      3.3    232.3
    18.0     1.0    10.2     0.04   1100.9    346.4   51190      3.5    233.1
    17.9     2.4    11.0     0.03   1160.5    313.0   51294      5.7    244.8
    19.3     6.0    12.7     0.06   1327.9    351.5   51397      4.8    238.5
    20.6     8.1    14.6     0.04   1459.4    317.2   51498      5.1    262.2
    20.5     5.7    12.1     0.06   1408.3    306.6   51596      7.0    248.5
    16.3     4.0     9.8     0.31    845.2    305.5   51691      4.6    262.1
    11.9     2.0     7.9     2.01    664.7    331.4   51784      3.9    245.6
    12.5     0.4     6.6     0.31    668.1    303.7   51875      4.5    247.8
    13.3     4.3     9.2     0.11    826.8    300.0   51963      4.0    259.0
    13.7     2.4     8.4     0.23    814.4    303.8   52048      5.3    253.7
    14.6     3.7    10.7     0.20    959.1    329.8   52131      3.6    248.1
    16.1     4.8    10.4     0.37   1066.7    346.0   52211      4.5    237.3
    17.0     4.5    11.3     0.35   1096.9    359.3   52288      4.0    240.4
    14.7     4.5     9.3     1.07    926.7    160.7   52362      6.0    306.5
    13.9     2.5     7.2     0.26    865.5    302.0   52433      4.7    243.3
    11.0     0.5     5.7     0.25    842.0    383.8   52502      3.1    191.8
    13.9     1.1     9.0     0.05    982.0    384.0   52567      3.9    208.6
    14.7     1.9     7.4     0.19    804.2    281.4   52629      6.2    259.6
    14.8     2.5     9.7     1.14    838.5    357.4   52689      2.9    245.8
    14.4     4.3    10.2     0.04    719.9    331.0   52745      1.8    264.8
    16.3     5.3    11.4     0.05    999.2    297.8   52798      4.5    270.9
    18.7     3.9    12.7     0.07   1085.5    330.3   52848      4.7    267.1
    16.2     4.4     8.8     0.41    807.5    262.0   52895      4.7    279.0
    13.7     4.4     8.8     0.20    853.8    358.2   52938      3.9    238.3
    18.4     6.0    14.0     0.10   1173.1    331.1   52978      4.6    270.9
    19.8    11.3    15.5     0.17   1384.5    299.5   53015      4.7    289.1
    18.4     7.0    12.8     1.02   1016.3    197.3   53049      5.8    316.2
    16.5     5.3    11.7     0.13    941.6    362.9   53079      3.4    256.5
    16.5     5.5    11.0     0.16   1003.2    374.9   53105      5.3    244.4
    17.1     5.7    12.0     0.55   1093.4    367.6   53129      3.6    246.7
    18.8     6.6    11.9     0.95   1077.4    335.3   53149      4.1    268.0
    15.8     6.3    11.2     1.78    984.0    355.7   53165      3.8    252.8
    19.2     7.3    14.3     0.08   1348.1    355.4   53178      4.6    253.3
    21.4     9.9    15.4     0.06   1541.5    297.0   53188      4.4    282.7
    20.4    11.2    15.6     0.09   1377.1    226.5   53194      3.5    319.0
    22.0    11.1    17.0     1.31   1520.8    339.8   53196      5.2    284.0
    26.4    11.3    20.2     0.03   1976.1    354.2   53195      5.3    287.6
    27.1    13.2    21.0     0.03   2170.5    350.1   53191      5.9    288.3
    25.6    15.2    20.6     0.03   2015.5    252.9   53183      6.1    330.1
    22.9    13.8    17.9     0.03   1555.2    228.4   53172      5.0    333.2
    16.9    11.1    14.4     0.06   1136.3    174.7   53157      6.2    332.0
    18.3     9.4    14.0     0.41   1127.3    316.5   53139      4.2    282.7
    20.5     9.4    14.8     0.03   1383.4    319.1   53117      4.5    275.5
    19.4     8.6    14.0     0.51   1292.4    339.8   53092      4.5    267.0
    19.0     8.0    13.6     0.08   1173.7    336.4   53064      2.4    273.5
    19.1     8.1    13.3     0.25   1078.2    338.2   53032      5.0    275.9
    18.0     7.1    12.9     0.14   1022.8    354.0   52997      3.8    265.6
    19.0     5.2    13.8     0.11   1108.2    333.5   52959      5.8    273.5
    14.6     5.3    10.6     0.32    670.8    185.5   52917      3.6    314.9
    18.1     5.2    12.6     0.90   1097.2    337.3   52872      4.1    261.3
    20.4     8.7    14.3     1.70   1445.2    357.8   52823      6.6    252.0
    18.7     9.1    14.3     0.09   1345.8    344.6   52772      4.5    260.6
    19.8     8.3    14.2     0.07   1372.2    334.1   52717      5.1    263.6
    22.2     8.4    16.0     0.07   1564.6    360.1   52660      3.5    262.0
    23.8    10.4    17.8     0.04   1760.5    346.2   52599      2.7    272.5
    22.6    13.4    17.8     0.04   1709.3    323.6   52535      6.3    285.7
    22.2    13.2    17.7     0.04   1481.7    265.7   52468      3.6    319.4
    24.8    11.9    18.9     0.09   1729.0    331.8   52398      5.3    296.1
    26.1    12.2    18.9     0.08   1782.7    314.4   52325      4.5    304.5
    19.4     9.7    14.4     0.05    965.0    226.9   52249      3.9    319.6
    20.4     9.0    14.9     0.05   1184.4    336.5   52171      4.5    281.2
    21.9     8.1    15.6     0.19   1357.4    264.1   52090      4.7    303.8
    24.8    10.4    18.5     0.23   1741.7    321.5   52006      5.3    291.0
    23.6    12.9    18.0     0.21   1672.7    289.0   51919      7.3    305.3
    20.1    11.0    16.0     2.17   1326.8    295.3   51830      6.0    293.7
    22.5     9.4    17.5     0.25   1467.9    327.9   51738      4.9    288.9
    16.7    12.2    14.9     0.15   1102.9    116.4   51644      4.2    352.6
    20.6    11.1    16.1     0.05   1284.4    289.3   51547      4.9    300.2
    22.1    11.1    18.1     0.08   1460.9    300.6   51448      5.8    305.0
    24.6    12.8    20.0     0.34   1750.2    315.2   51346      4.1    305.4
    23.3    14.1    19.0     0.35   1450.1    270.1   51242      3.9    324.8
    19.7    10.6    15.8     0.60   1092.2    278.6   51136      4.8    304.7
    21.2     9.2    16.2     0.06   1339.7    302.3   51028      5.0    291.0
    21.7    12.8    16.7     0.78   1632.4    309.1   50918      6.3    280.7
    16.0     5.2    11.8     0.54    885.0    243.7   50805      4.1    292.5
    18.5     3.7    12.7     0.26    986.9    317.2   50691      3.9    268.3
    20.9     8.6    15.7     0.05   1358.6    315.6   50574      6.0    278.1
    22.4    11.0    15.9     0.29   1441.8    315.5   50456      7.7    282.7
    17.3     7.1    12.6     0.52    891.1    144.2   50336      5.6    331.3
    20.5     5.3    14.1     0.03   1186.7    317.9   50214      5.0    271.7
    22.0    10.1    17.4     0.12   1494.6    302.0   50090      5.7    291.8
    21.8    13.4    17.6     0.10   1614.2    196.4   49964      4.4    329.6
    21.5    11.8    16.9     0.11   1484.2    303.7   49837      4.9    286.8
    23.1    10.5    17.5     0.08   1640.4    303.8   49709      8.2    284.2
    21.2     9.0    14.4     0.05   1378.0    198.9   49578      6.7    313.3
    13.8     6.9     9.6     1.16    698.1    260.6   49447      5.5    276.9
     8.2     5.0     6.9     2.45    294.2    107.3   49314      5.0    315.1
    15.0     5.2    10.1     0.37    773.7    289.0   49179      3.4    265.7
    19.0     4.6    12.4     0.05   1126.4    311.2   49043      3.0    257.8
    19.7     7.3    14.6     0.26   1346.6    305.4   48906      5.3    262.8
    21.0    10.0    16.1     0.02   1510.9    324.8   48768      5.3    260.9
    21.7     7.8    15.4     0.07   1380.2    293.8   48628      5.2    279.0
    21.1     9.9    15.5     0.05   1493.0    303.8   48487      5.0    267.8
    21.0     8.4    15.9     0.17   1421.7    303.1   48345      3.6    271.9
    22.0     7.5    15.9     0.02   1412.1    311.8   48202      4.9    270.5
    24.3    11.7    19.0     0.05   1831.1    294.0   48058      5.7    282.1
    22.0    11.5    15.9     0.07   1453.5    211.1   47913      6.1    312.3
    16.8     7.8    12.0     0.53    719.0     99.3   47767      3.5    343.4
    13.9     6.5    10.0     0.21    692.8    122.6   47620      3.1    320.8
    14.4     6.5     9.8     1.19    701.6    123.4   47472      5.1    320.9
     7.9     2.0     5.1     0.81    335.8    101.3   47324      2.8    306.7
    12.3    -0.5     5.5     0.29    629.9    251.6   47174      2.1    247.6
    14.2    -2.0     7.1     0.13    824.9    302.8   47024      2.9    220.5
    17.5     0.2    10.0     0.04   1020.9    299.2   46873      2.9    234.7
    19.8     2.0    13.8     0.02   1278.0    294.6   46722      4.0    244.1
    18.2     2.9    12.0     0.21   1136.4    273.2   46570      3.6    249.9
    16.2    -0.2     9.4     1.23    919.0    292.1   46417      4.9    232.3
    15.1     1.2     8.9     0.18    870.3    281.6   46264      5.1    234.2
    15.2    -0.6     8.4     0.13    874.7    271.6   46110      3.9    233.7
    13.8     2.3     8.5     0.02    787.6    231.0   45955      4.3    257.5
    15.9     1.0     9.0     0.02    957.1    269.2   45800      2.5    233.1
    17.9     1.8     9.4     0.02   1072.2    268.1   45645      4.0    234.3
    16.9     1.8    10.4     0.02   1042.1    267.8   45489      4.7    238.7
    16.5     3.3    11.0     0.19   1061.4    267.9   45333      5.3    239.1
    15.5     6.7    10.6     0.35   1011.7    167.0   45176      4.4    290.1
    14.0     2.2     9.1     0.17    798.9    256.4   45019      3.9    244.4
    15.6    -0.9     8.2     0.07    831.4    240.0   44862      4.4    245.7
    13.5    -2.3     6.4     0.16    675.7    231.7   44705      3.7    242.5
    15.1    -2.5     8.4     0.08    830.2    242.4   44547      3.0    237.9
    15.9     0.1     7.7     0.14    871.4    248.5   44389      4.5    234.0
    10.7    -4.0     3.8     0.25    661.9    262.8   44231      4.7    201.5
    11.1    -8.4     3.0     0.14    645.6    261.0   44072      2.6    197.8
    12.0    -3.9     5.1     0.03    735.2    244.3   43914      4.5    214.3
    13.1    -1.3     7.2     0.04    852.6    238.4   43755      5.3    221.6
    13.1     1.1     8.4     0.05    976.0    239.2   43596      4.0    215.6
    16.0     2.5     8.9     0.03   1063.0    229.0   43438      5.4    231.3
    14.5     3.2     8.4     0.04   1008.3    214.8   43279      4.7    235.0
    12.9     0.9     6.6     0.04    868.9    243.4   43120      3.0    212.3
    11.6     0.3     6.5     0.04    813.8    230.0   42961      3.0    220.3
    11.5    -1.4     6.0     0.36    739.0    237.5   42803      4.0    218.2
    11.9    -6.4     2.8     0.24    615.4    243.7   42644      2.8    203.9
    10.0    -6.8     2.5     0.01    597.2    237.0   42485      2.9    198.7
    11.1    -3.2     4.8     0.02    686.0    228.1   42327      2.9    213.8
    13.2    -1.1     5.7     0.03    800.2    227.8   42168      4.0    214.8
    13.7    -1.0     8.4     0.02    838.2    199.5   42010      3.7    243.2
    16.1     3.2     8.8     0.01   1023.0    222.5   41852      5.2    227.6
    11.3    -2.2     3.9     0.12    642.3    201.8   41694      6.1    225.8
     7.3    -5.1     1.0     0.06    460.9    198.5   41537      3.5    214.1
     4.2    -8.3    -2.8     0.09    412.0    215.9   41380      2.6    180.6
     6.4    -7.8     1.0     0.01    507.4    206.7   41223      3.3    199.0
     6.9   -10.5    -0.1     0.02    480.2    208.2   41066      3.3    193.3
     8.6    -6.6     0.3     0.01    577.6    205.1   40910      3.6    191.7
     8.8    -5.9     1.4     0.01    597.9    195.9   40754      3.0    201.8
     9.0    -3.8     2.0     0.01    610.3    202.7   40599      4.1    201.9
     9.9    -3.4     4.0     0.03    656.7    192.6   40444      3.8    215.3
     9.1    -3.8     2.8     0.15    588.6    181.3   40289      2.7    218.8
     8.0    -4.9     0.4     0.24    473.1    189.7   40135      3.4    208.9
     6.8    -5.2     0.3     0.03    505.4    191.4   39982      2.5    197.7
     8.8    -5.4     3.0     0.05    629.5    190.6   39829      5.4    203.4
     8.9    -3.3     2.8     0.06    590.3    165.4   39677      5.0    224.5
     7.0    -5.9     1.1     0.03    430.6    174.4   39526      2.3    218.2
     4.9   -10.1    -1.6     0.02    369.8    183.8   39375      4.0    196.6
     4.4   -13.7    -3.2     0.03    348.5    180.3   39225      2.3    187.9
     4.5   -10.8    -3.4     0.03    424.6    170.0   39075      2.5    184.3
     4.2   -12.3    -3.8     0.03    346.2    169.6   38927      2.2    192.4
     4.9    -7.7    -0.7     0.02    431.8    152.1   38779      2.1    213.0
     4.8    -7.7    -2.4     0.51    422.9    169.4   38632      3.7    192.8
     3.0    -9.6    -2.8     0.16    334.5    182.4   38486      3.4    183.4
     2.6   -11.2    -4.3     0.07    338.5    173.9   38341      4.1    179.2
     4.0    -9.9    -3.7     0.02    381.5    178.6   38197      2.1    177.4
     3.2    -8.8    -3.2     0.01    375.0    165.7   38054      2.8    185.7
     4.7    -7.2    -0.8     0.01    442.2    163.3   37912      4.1    195.3
     5.6    -9.0    -2.1     0.01    411.7    159.2   37771      3.7    195.4
     2.8    -9.9    -3.5     0.01    382.1    156.6   37632      3.5    185.4
     2.6   -11.6    -4.0     0.01    338.1    154.4   37493      3.4    187.1
     2.2   -12.3    -5.2     0.02    301.7    151.7   37356      3.1    184.3
     2.0   -11.9    -5.7     0.01    317.2    160.1   37220      1.0    176.0
     0.8   -11.2    -5.9     0.01    286.4    139.3   37085      3.6    190.7
     0.9   -12.1    -4.9     0.04    302.3    157.2   36952      1.9    175.2
    -0.1   -15.0    -7.7     0.01    287.2    151.7   36821      2.1    165.3
     0.2   -15.4    -7.8     0.03    278.7    149.6   36690      2.5    166.1
     1.5   -18.2    -8.4     0.01    280.5    154.0   36562      1.2    160.2
    -2.2   -17.4    -9.9     0.02    197.3    111.3   36435      5.2    191.0
    -3.9   -19.0   -11.2     0.01    168.2    143.4   36309      1.1    159.3
    -2.9   -11.9    -8.3     0.01    219.4    148.3   36185      1.8    162.9
    -1.9   -16.7    -9.4     0.02    245.5    140.3   36063      3.2    161.7
    -4.0   -16.8   -11.1     0.01    192.4    137.6   35943      2.6    160.1
    -2.1   -19.8   -10.1     0.02    191.9    131.7   35825      1.6    168.0
    -3.6   -22.6   -12.6     0.01    173.9    139.2   35708      2.4    153.5
    -3.6   -17.8   -11.5     0.02    182.7    137.5   35594      1.1    157.5
    -2.8   -16.9   -11.0     0.03    211.6    135.4   35481      1.5    155.6
    -3.8   -16.3   -11.0     0.01    197.4    133.5   35371      1.8    158.1
    -4.2   -16.3   -10.8     0.01    189.5    131.6   35263      1.7    158.7
    -4.9   -18.3   -11.9     0.11    171.5    119.3   35157      1.4    163.4
    -4.9   -16.0   -11.4     0.08    203.2    128.0   35053      1.1    151.1
    -3.6   -17.1   -11.5     0.02    192.8    129.0   34951      2.3    154.9
    -4.2   -19.3   -12.7     0.01    177.2    130.1   34852      0.9    149.4
    -5.1   -20.1   -12.1     0.04    172.2    129.7   34755      1.9    149.3
    -5.9   -19.2   -12.3     0.02    173.7    115.3   34661      1.3    157.5
    -3.7   -19.4   -12.0     0.01    200.8    122.9   34569      0.3    149.8
    -5.3   -15.3   -11.2     0.01    205.5    118.7   34480      2.1    154.1
    -4.4   -14.6   -10.5     0.01    212.6    111.9   34393      1.8    164.2
    -4.6   -18.7   -11.2     0.01    172.6    111.8   34309      1.7    166.0
    -6.5   -22.2   -12.6     0.01    126.7    117.8   34228      2.3    156.1
    -5.6   -21.0   -14.0     0.01    119.3    115.2   34150      1.7    151.2
    -6.0   -20.8   -12.8     0.01    169.7    128.1   34074      2.1    128.8
    -5.3   -19.8   -12.4     0.01    173.4    118.7   34001      3.1    147.3
    -5.4   -22.3   -14.5     0.03    153.0    113.4   33931      1.5    146.7
    -9.1   -24.7   -16.0     0.02    122.9    114.7   33864      1.6    136.7
    -7.5   -22.4   -14.6     0.02    125.9    113.1   33800      0.5    147.2
    -6.9   -19.0   -12.8     0.06    160.8    116.8   33739      2.5    145.2
    -7.0   -22.5   -13.2     0.01    138.8    113.1   33682      0.8    143.5
    -6.7   -16.3   -11.3     0.01    193.1     83.3   33627      1.8    178.3
    -5.6   -18.8   -12.2     0.01    153.0    105.5   33576      1.7    153.0
    -4.5   -16.1   -10.7     0.01    198.7    105.0   33527      2.9    158.2
    -6.4   -13.1   -10.3     0.03    197.5    101.7   33482      4.6    161.5
    -6.3   -20.0   -12.4     0.06    134.1     85.2   33440      3.6    179.2
    -7.1   -22.7   -13.5     0.03    120.6    105.4   33402      3.7    150.6
    -8.1   -19.5   -14.2     0.02    131.4     91.2   33367      2.1    163.9
    -7.4   -18.1   -11.7     0.06    145.7     90.6   33335      3.8    173.5
    -7.7   -16.9   -11.5     0.01    140.0     95.3   33307      1.9    166.5
    -4.9   -16.1    -9.8     0.01    194.4     93.4   33282      2.3    171.3
    -3.3   -17.3   -11.4     0.01    191.0     74.7   33260      1.8    191.9
    -4.0   -20.0   -11.1     0.01    202.7     99.5   33242      0.6    157.7
    -2.8   -12.6    -8.6     0.01    237.7    104.5   33227      2.8    159.7
    -4.3   -17.5   -11.0     0.01    212.7     91.4   33216      2.1    166.9
    -5.8   -16.6   -11.3     0.01    182.6     99.9   33208      2.0    156.8
    -6.5   -16.7   -12.0     0.01    176.0     76.1   33204      2.7    181.6
    -7.8   -19.5   -13.4     0.01     97.4     90.1   33203      2.6    173.9
    -9.9   -22.5   -16.5     0.02     65.4    102.9   33205      1.4    146.0
   -10.2   -18.0   -15.0     0.22     75.7     83.9   33211      2.5    171.6
   -10.2   -17.8   -14.9     0.08    126.3     87.5   33221      1.9    160.1
   -11.7   -27.5   -18.7     0.08     47.3     79.4   33234      6.0    163.2
   -17.7   -31.6   -23.5     0.15     20.7     90.1   33250      2.3    133.3
   -18.5   -30.2   -24.4     0.16     59.9     93.6   33270      3.2    113.5
   -18.3   -30.4   -24.8     0.08     50.8     93.9   33294      1.6    120.8
   -15.6   -33.4   -20.6     0.05     47.8     91.7   33320      0.3    137.4
   -12.2   -27.9   -20.4     0.12     75.2     95.9   33350      0.8    136.6
   -13.6   -30.1   -22.5     0.06     57.1    101.6   33384      1.5    127.8
  