       plotID    soilWater     soilSnow          LAI         vegC        litrC        soilC       totalC    leafC_sum    leafC_max        leafC        stemC       crootC         cwdc    FSM_soilw     FSM_icew    FSM_snoww
       123   166.91752625	   0.00000000	   0.95022649	   0.29271969	   0.05753934	   9.05212975	   9.40238857	   0.10170735	         -inf	   0.06000289	   0.03044757	   0.00913427	   0.01893216	   0.00212034	   0.00936950	   0.01049935	   0.01661799	   0.00501958	   0.07457650	   1.14806211	   7.82447147	
       123   151.09268188	   0.00000000	   1.94586098	   0.50039792	   0.09131571	   9.00738144	   9.59909534	   0.17974888	         -inf	   0.12332635	   0.05467056	   0.01640117	   0.01848376	   0.00316126	   0.01959489	   0.01880318	   0.03127263	   0.00671439	   0.06226680	   1.11626232	   7.82213783	
       plotID    soilWater     soilSnow          LAI         vegC        litrC        soilC       totalC    leafC_sum    leafC_max        leafC        stemC       crootC         cwdc    FSM_soilw     FSM_icew    FSM_snoww
       123   166.91752625	   0.00000000	   0.95022649	   0.29271969	   0.05753934	   9.05212975	   9.40238857	   0.10170735	         -inf	   0.06000289	   0.03044757	   0.00913427	   0.01893216	   0.00212034	   0.00936950	   0.01049935	   0.01661799	   0.00501958	   0.07457650	   1.14806211	   7.82447147	
       123   151.09268188	   0.00000000	   1.94586098	   0.50039792	   0.09131571	   9.00738144	   9.59909534	   0.17974888	         -inf	   0.12332635	   0.05467056	   0.01640117	   0.01848376	   0.00316126	   0.01959489	   0.01880318	   0.03127263	   0.00671439	   0.06226680	   1.11626232	   7.82213783	
       plotID    soilWater     soilSnow          LAI         vegC        litrC        soilC       totalC    leafC_sum    leafC_max        leafC        stemC       crootC         cwdc    FSM_soilw     FSM_icew    FSM_snoww
       123   166.91752625	   0.00000000	   0.95022649	   0.29271969	   0.05753934	   9.05212975	   9.40238857	   0.10170735	         -inf	   0.06000289	   0.03044757	   0.00913427	   0.01893216	   0.00212034	   0.00936950	   0.01049935	   0.01661799	   0.00501958	   0.07457650	   1.14806211	   7.82447147	
       123   151.09268188	   0.00000000	   1.94586098	   0.50039792	   0.09131571	   9.00738144	   9.59909534	   0.17974888	         -inf	   0.12332635	   0.05467056	   0.01640117	   0.01848376	   0.00316126	   0.01959489	   0.01880318	   0.03127263	   0.00671439	   0.06226680	   1.11626232	   7.82213783	
       plotID    soilWater     soilSnow          LAI         vegC        litrC        soilC       totalC    leafC_sum    leafC_max        leafC        stemC       crootC         cwdc    FSM_soilw     FSM_icew    FSM_snoww
       123   166.91752625	   0.00000000	   0.95022649	   0.29271969	   0.05753934	   9.05212975	   9.40238857	   0.10170735	         -inf	   0.06000289	   0.03044757	   0.00913427	   0.01893216	   0.00212034	   0.00936950	   0.01049935	   0.01661799	   0.00501958	   0.07457650	   1.14806211	   7.82447147	
       123   151.09268188	   0.00000000	   1.94586098	   0.50039792	   0.09131571	   9.00738144	   9.59909534	   0.17974888	         -inf	   0.12332635	   0.05467056	   0.01640117	   0.01848376	   0.00316126	   0.01959489	   0.01880318	   0.03127263	   0.00671439	   0.06226680	   1.11626232	   7.82213783	
       plotID    soilWater     soilSnow          LAI         vegC        litrC        soilC       totalC    leafC_sum    leafC_max        leafC        stemC       crootC         cwdc    FSM_soilw     FSM_icew    FSM_snoww
       123   166.91752625	   0.00000000	   0.95022649	   0.29271969	   0.05753934	   9.05212975	   9.40238857	   0.10170735	         -inf	   0.06000289	   0.03044757	   0.00913427	   0.01893216	   0.00212034	   0.00936950	   0.01049935	   0.01661799	   0.00501958	   0.07457650	   1.14806211	   7.82447147	
       123   151.09268188	   0.00000000	   1.94586098	   0.50039792	   0.09131571	   9.00738144	   9.59909534	   0.17974888	         -inf	   0.12332635	   0.05467056	   0.01640117	   0.01848376	   0.00316126	   0.01959489	   0.01880318	   0.03127263	   0.00671439	   0.06226680	   1.11626232	   7.82213783	
       plotID    soilWater     soilSnow          LAI         vegC        litrC        soilC       totalC    leafC_sum    leafC_max        leafC        stemC       crootC         cwdc    FSM_soilw     FSM_icew    FSM_snoww
       123   166.91752625	   0.00000000	   0.95022649	   0.29271969	   0.05753934	   9.05212975	   9.40238857	   0.10170735	         -inf	   0.06000289	   0.03044757	   0.00913427	   0.01893216	   0.00212034	   0.00936950	   0.01049935	   0.01661799	   0.00501958	   0.07457650	   1.14806211	   7.82447147	
       123   151.09268188	   0.00000000	   1.94586098	   0.50039792	   0.09131571	   9.00738144	   9.59909534	   0.17974888	         -inf	   0.12332635	   0.05467056	   0.01640117	   0.01848376	   0.00316126	   0.01959489	   0.01880318	   0.03127263	   0.00671439	   0.06226680	   1.11626232	   7.82213783	
       plotID    soilWater     soilSnow          LAI         vegC        litrC        soilC       totalC    leafC_sum    leafC_max        leafC        stemC       crootC         cwdc    FSM_soilw     FSM_icew    FSM_snoww
       123   179.69049072	   0.00000000	   0.54028529	   0.15866315	   0.05569118	   9.05082130	   9.26517582	   0.05022643	         -inf	   0.03426243	   0.01912177	   0.00573653	   0.01884771	   0.00181553	   0.00874298	   0.01017350	   0.01611146	   0.00466808	   0.07417920	   1.14754701	   7.82442713	
       123   169.11695862	   0.00000000	   1.21762311	   0.36422864	   0.05557173	   8.98584557	   9.40564537	   0.12386298	         -inf	   0.07722559	   0.03926357	   0.01177907	   0.01781883	   0.00161809	   0.00772806	   0.01065501	   0.01775174	   0.00323569	   0.05383375	   1.10746276	   7.82131290	
       plotID    soilWater     soilSnow          LAI         vegC        litrC        soilC       totalC    leafC_sum    leafC_max        leafC        stemC       crootC         cwdc    FSM_soilw     FSM_icew    FSM_snoww
       123   179.69049072	   0.00000000	   0.54028529	   0.15866315	   0.05569118	   9.05082130	   9.26517582	   0.05022643	         -inf	   0.03426243	   0.01912177	   0.00573653	   0.01884771	   0.00181553	   0.00874298	   0.01017350	   0.01611146	   0.00466808	   0.07417920	   1.14754701	   7.82442713	
       123   169.11695862	   0.00000000	   1.21762311	   0.36422864	   0.05557173	   8.98584557	   9.40564537	   0.12386298	         -inf	   0.07722559	   0.03926357	   0.01177907	   0.01781883	   0.00161809	   0.00772806	   0.01065501	   0.01775174	   0.00323569	   0.05383375	   1.10746276	   7.82131290	
       plotID    soilWater     soilSnow          LAI         vegC        litrC        soilC       totalC    leafC_sum    leafC_max        leafC        stemC       crootC         cwdc    FSM_soilw     FSM_icew    FSM_snoww
       123   168.00267029	   0.00000000	   1.00478494	   0.31885314	   0.05764642	   9.05190563	   9.42840481	   0.10927322	         -inf	   0.06378582	   0.03211206	   0.00963362	   0.01892869	   0.00216203	   0.00941214	   0.01050906	   0.01663449	   0.00498162	   0.07447863	   1.14797735	   7.82446766	
       123   145.85760498	   0.00000000	   2.21427155	   0.59674054	   0.10212374	   9.00769901	   9.70656300	   0.20847489	         -inf	   0.14045607	   0.06140447	   0.01842134	   0.01859776	   0.00539360	   0.02380349	   0.02040235	   0.03392653	   0.00650190	   0.06207274	   1.11687231	   7.82225180	
       plotID    soilWater     soilSnow          LAI         vegC        litrC        soilC       totalC    leafC_sum    leafC_max        leafC        stemC       crootC         cwdc    FSM_soilw     FSM_icew    FSM_snoww
       123   166.91752625	   0.00000000	   0.95022649	   0.29271969	   0.05753934	   9.05212975	   9.40238857	   0.10170735	         -inf	   0.06000289	   0.03044757	   0.00913427	   0.01893216	   0.00212034	   0.00936950	   0.01049935	   0.01661799	   0.00501958	   0.07457650	   1.14806211	   7.82447147	
       123   151.09268188	   0.00000000	   1.94586098	   0.50039792	   0.09131571	   9.00738144	   9.59909534	   0.17974888	         -inf	   0.12332635	   0.05467056	   0.01640117	   0.01848376	   0.00316126	   0.01959489	   0.01880318	   0.03127263	   0.00671439	   0.06226680	   1.11626232	   7.82213783	
       plotID    soilWater     soilSnow          LAI         vegC        litrC        soilC       totalC    leafC_sum    leafC_max        leafC        stemC       crootC         cwdc    FSM_soilw     FSM_icew    FSM_snoww
       123   166.91752625	   0.00000000	   0.95022649	   0.29271969	   0.05753934	   9.05212975	   9.40238857	   0.10170735	         -inf	   0.06000289	   0.03044757	   0.00913427	   0.01893216	   0.00212034	   0.00936950	   0.01049935	   0.01661799	   0.00501958	   0.07457650	   1.14806211	   7.82447147	
       123   151.09268188	   0.00000000	   1.94586098	   0.50039792	   0.09131571	   9.00738144	   9.59909534	   0.17974888	         -inf	   0.12332635	   0.05467056	   0.01640117	   0.01848376	   0.00316126	   0.01959489	   0.01880318	   0.03127263	   0.00671439	   0.06226680	   1.11626232	   7.82213783	
       plotID    soilWater     soilSnow          LAI         vegC        litrC        soilC       totalC    leafC_sum    leafC_max        leafC        stemC       crootC         cwdc    FSM_soilw     FSM_icew    FSM_snoww
       123   166.91752625	   0.00000000	   0.95022649	   0.29271969	   0.05753934	   9.05212975	   9.40238857	   0.10170735	         -inf	   0.06000289	   0.03044757	   0.00913427	   0.01893216	   0.00212034	   0.00936950	   0.01049935	   0.01661799	   0.00501958	   0.07457650	   1.14806211	   7.82447147	
       123   151.09268188	   0.00000000	   1.94586098	   0.50039792	   0.09131571	   9.00738144	   9.59909534	   0.17974888	         -inf	   0.12332635	   0.05467056	   0.01640117	   0.01848376	   0.00316126	   0.01959489	   0.01880318	   0.03127263	   0.00671439	   0.06226680	   1.11626232	   7.82213783	
       plotID    soilWater     soilSnow          LAI         vegC        litrC        soilC       totalC    leafC_sum    leafC_max        leafC        stemC       crootC         cwdc    FSM_soilw     FSM_icew    FSM_snoww
       123   166.91752625	   0.00000000	   0.95022649	   0.29271969	   0.05753934	   9.05212975	   9.40238857	   0.10170735	         -inf	   0.06000289	   0.03044757	   0.00913427	   0.01893216	   0.00212034	   0.00936950	   0.01049935	   0.01661799	   0.00501958	   0.07457650	   1.14806211	   7.82447147	
       123   151.09268188	   0.00000000	   1.94586098	   0.50039792	   0.09131571	   9.00738144	   9.59909534	   0.17974888	         -inf	   0.12332635	   0.05467056	   0.01640117	   0.01848376	   0.00316126	   0.01959489	   0.01880318	   0.03127263	   0.00671439	   0.06226680	   1.11626232	   7.82213783	
       plotID    soilWater     soilSnow          LAI         vegC        litrC        soilC       totalC    leafC_sum    leafC_max        leafC        stemC       crootC         cwdc    FSM_soilw     FSM_icew    FSM_snoww
       123   166.91752625	   0.00000000	   0.95022649	   0.29271969	   0.05753934	   9.05212975	   9.40238857	   0.10170735	         -inf	   0.06000289	   0.03044757	   0.00913427	   0.01893216	   0.00212034	   0.00936950	   0.01049935	   0.01661799	   0.00501958	   0.07457650	   1.14806211	   7.82447147	
       123   151.09268188	   0.00000000	   1.94586098	   0.50039792	   0.09131571	   9.00738144	   9.59909534	   0.17974888	         -inf	   0.12332635	   0.05467056	   0.01640117	   0.01848376	   0.00316126	   0.01959489	   0.01880318	   0.03127263	   0.00671439	   0.06226680	   1.11626232	   7.82213783	
       plotID    soilWater     soilSnow          LAI         vegC        litrC        soilC       totalC    leafC_sum    leafC_max        leafC        stemC       crootC         cwdc    FSM_soilw     FSM_icew    FSM_snoww
       123   166.91752625	   0.00000000	   0.95022649	   0.29271969	   0.05753934	   9.05212975	   9.40238857	   0.10170735	         -inf	   0.06000289	   0.03044757	   0.00913427	   0.01893216	   0.00212034	   0.00936950	   0.01049935	   0.01661799	   0.00501958	   0.07457650	   1.14806211	   7.82447147	
       123   151.09268188	   0.00000000	   1.94586098	   0.50039792	   0.09131571	   9.00738144	   9.59909534	   0.17974888	         -inf	   0.12332635	   0.05467056	   0.01640117	   0.01848376	   0.00316126	   0.01959489	   0.01880318	   0.03127263	   0.00671439	   0.06226680	   1.11626232	   7.82213783	
       plotID    soilWater     soilSnow          LAI         vegC        litrC        soilC       totalC    leafC_sum    leafC_max        leafC        stemC       crootC         cwdc    FSM_soilw     FSM_icew    FSM_snoww
       123   166.91752625	   0.00000000	   0.95022649	   0.29271969	   0.05753934	   9.05212975	   9.40238857	   0.10170735	         -inf	   0.06000289	   0.03044757	   0.00913427	   0.01893216	   0.00212034	   0.00936950	   0.01049935	   0.01661799	   0.00501958	   0.07457650	   1.14806211	   7.82447147	
       123   151.09268188	   0.00000000	   1.94586098	   0.50039792	   0.09131571	   9.00738144	   9.59909534	   0.17974888	         -inf	   0.12332635	   0.05467056	   0.01640117	   0.01848376	   0.00316126	   0.01959489	   0.01880318	   0.03127263	   0.00671439	   0.06226680	   1.11626232	   7.82213783	
       plotID    soilWater     soilSnow          LAI         vegC        litrC        soilC       totalC    leafC_sum    leafC_max        leafC        stemC       crootC         cwdc    FSM_soilw     FSM_icew    FSM_snoww
       123   168.00267029	   0.00000000	   1.00478494	   0.31885314	   0.05764642	   9.05190563	   9.42840481	   0.10927322	         -inf	   0.06378582	   0.03211206	   0.00963362	   0.01892869	   0.00216203	   0.00941214	   0.01050906	   0.01663449	   0.00498162	   0.07447863	   1.14797735	   7.82446766	
       123   145.85760498	   0.00000000	   2.21427155	   0.59674054	   0.10212374	   9.00769901	   9.70656300	   0.20847489	         -inf	   0.14045607	   0.06140447	   0.01842134	   0.01859776	   0.00539360	   0.02380349	   0.02040235	   0.03392653	   0.00650190	   0.06207274	   1.11687231	   7.82225180	
       plotID    soilWater     soilSnow          LAI         vegC        litrC        soilC       totalC    leafC_sum    leafC_max        leafC        stemC       crootC         cwdc    FSM_soilw     FSM_icew    FSM_snoww
       123   168.00267029	   0.00000000	   1.00478494	   0.31885314	   0.05764642	   9.05190563	   9.42840481	   0.10927322	         -inf	   0.06378582	   0.03211206	   0.00963362	   0.01892869	   0.00216203	   0.00941214	   0.01050906	   0.01663449	   0.00498162	   0.07447863	   1.14797735	   7.82446766	
       123   145.85760498	   0.00000000	   2.21427155	   0.59674054	   0.10212374	   9.00769901	   9.70656300	   0.20847489	         -inf	   0.14045607	   0.06140447	   0.01842134	   0.01859776	   0.00539360	   0.02380349	   0.02040235	   0.03392653	   0.00650190	   0.06207274	   1.11687231	   7.82225180	
       plotID    soilWater     soilSnow          LAI         vegC        litrC        soilC       totalC    leafC_sum    leafC_max        leafC        stemC       crootC         cwdc    FSM_soilw     FSM_icew    FSM_snoww
       123   168.00267029	   0.00000000	   1.00478494	   0.31885314	   0.05764642	   9.05190563	   9.42840481	   0.10927322	         -inf	   0.06378582	   0.03211206	   0.00963362	   0.01892869	   0.00216203	   0.00941214	   0.01050906	   0.01663449	   0.00498162	   0.07447863	   1.14797735	   7.82446766	
       123   145.85760498	   0.00000000	   2.21427155	   0.59674054	   0.10212374	   9.00769901	   9.70656300	   0.20847489	         -inf	   0.14045607	   0.06140447	   0.01842134	   0.01859776	   0.00539360	   0.02380349	   0.02040235	   0.03392653	   0.00650190	   0.06207274	   1.11687231	   7.82225180	
       plotID    soilWater     soilSnow          LAI         vegC        litrC        soilC       totalC    leafC_sum    leafC_max        leafC        stemC       crootC         cwdc    FSM_soilw     FSM_icew    FSM_snoww
       123   168.00267029	   0.00000000	   1.00478494	   0.31885314	   0.05764642	   9.05190563	   9.42840481	   0.10927322	         -inf	   0.06378582	   0.03211206	   0.00963362	   0.01892869	   0.00216203	   0.00941214	   0.01050906	   0.01663449	   0.00498162	   0.07447863	   1.14797735	   7.82446766	
       123   145.85760498	   0.00000000	   2.21427155	   0.59674054	   0.10212374	   9.00769901	   9.70656300	   0.20847489	         -inf	   0.14045607	   0.06140447	   0.01842134	   0.01859776	   0.00539360	   0.02380349	   0.02040235	   0.03392653	   0.00650190	   0.06207274	   1.11687231	   7.82225180	
       plotID    soilWater     soilSnow          LAI         vegC        litrC        soilC       totalC    leafC_sum    leafC_max        leafC        stemC       crootC         cwdc    FSM_soilw     FSM_icew    FSM_snoww
       123   168.00267029	   0.00000000	   1.00478494	   0.31885314	   0.05764642	   9.05190563	   9.42840481	   0.10927322	         -inf	   0.06378582	   0.03211206	   0.00963362	   0.01892869	   0.00216203	   0.00941214	   0.01050906	   0.01663449	   0.00498162	   0.07447863	   1.14797735	   7.82446766	
       123   145.85760498	   0.00000000	   2.21427155	   0.59674054	   0.10212374	   9.00769901	   9.70656300	   0.20847489	         -inf	   0.14045607	   0.06140447	   0.01842134	   0.01859776	   0.00539360	   0.02380349	   0.02040235	   0.03392653	   0.00650190	   0.06207274	   1.11687231	   7.82225180	
       plotID    soilWater     soilSnow          LAI         vegC        litrC        soilC       totalC    leafC_sum    leafC_max        leafC        stemC       crootC         cwdc    FSM_soilw     FSM_icew    FSM_snoww
       123   168.00267029	   0.00000000	   1.00478494	   0.31885314	   0.05764642	   9.05190563	   9.42840481	   0.10927322	         -inf	   0.06378582	   0.03211206	   0.00963362	   0.01892869	   0.00216203	   0.00941214	   0.01050906	   0.01663449	   0.00498162	   0.07447863	   1.14797735	   7.82446766	
       123   145.85760498	   0.00000000	   2.21427155	   0.59674054	   0.10212374	   9.00769901	   9.70656300	   0.20847489	         -inf	   0.14045607	   0.06140447	   0.01842134	   0.01859776	   0.00539360	   0.02380349	   0.02040235	   0.03392653	   0.00650190	   0.06207274	   1.11687231	   7.82225180	
       plotID    soilWater     soilSnow          LAI         vegC        litrC        soilC       totalC    leafC_sum    leafC_max        leafC        stemC       crootC         cwdc    FSM_soilw     FSM_icew    FSM_snoww
       123   158.93659973	   0.00000000	   1.24472892	   0.13689713	   0.17457519	   9.07619667	   9.38766956	   0.04469843	         -inf	   0.00000000	   0.00000000	   0.00000000	   0.01975000	   0.01113362	   0.05494455	   0.03348256	   0.05526447	   0.02912071	   0.07555208	   1.14701903	   7.82450533	
       123   179.92076111	   0.00000000	   1.26335526	   0.13402133	   0.22147076	   9.06149101	   9.41698265	   0.04375327	         -inf	   0.00000000	   0.00000000	   0.00000000	   0.01975000	   0.00558027	   0.06101009	   0.05044556	   0.08468483	   0.03080320	   0.08661748	   1.12246442	   7.82160568	
       plotID    soilWater     soilSnow          LAI         vegC        litrC        soilC       totalC    leafC_sum    leafC_max        leafC        stemC       crootC         cwdc    FSM_soilw     FSM_icew    FSM_snoww
       123   158.93659973	   0.00000000	   1.24472892	   0.13689713	   0.17457519	   9.07619667	   9.38766956	   0.04469843	         -inf	   0.00000000	   0.00000000	   0.00000000	   0.01975000	   0.01113362	   0.05494455	   0.03348256	   0.05526447	   0.02912071	   0.07555208	   1.14701903	   7.82450533	
       123   179.92076111	   0.00000000	   1.26335526	   0.13402133	   0.22147076	   9.06149101	   9.41698265	   0.04375327	         -inf	   0.00000000	   0.00000000	   0.00000000	   0.01975000	   0.00558027	   0.06101009	   0.05044556	   0.08468483	   0.03080320	   0.08661748	   1.12246442	   7.82160568	
       plotID    soilWater     soilSnow          LAI         vegC        litrC        soilC       totalC    leafC_sum    leafC_max        leafC        stemC       crootC         cwdc    FSM_soilw     FSM_icew    FSM_snoww
       123   158.67935181	   0.00000000	   1.25280547	   0.13779905	   0.17494977	   9.07653522	   9.38928413	   0.04507424	         -inf	   0.00000000	   0.00000000	   0.00000000	   0.01975000	   0.01105695	   0.05509705	   0.03359205	   0.05545372	   0.02926780	   0.07569052	   1.14707077	   7.82450676	
       123   179.81002808	   0.00000000	   1.27411532	   0.13434640	   0.22208640	   9.06236267	   9.41879559	   0.04388873	         -inf	   0.00000000	   0.00000000	   0.00000000	   0.01975000	   0.00551742	   0.06118007	   0.05063252	   0.08500639	   0.03095448	   0.08705777	   1.12273765	   7.82161331	
       plotID    soilWater     soilSnow          LAI         vegC        litrC        soilC       totalC    leafC_sum    leafC_max        leafC        stemC       crootC         cwdc    FSM_soilw     FSM_icew    FSM_snoww
       123   158.67935181	   0.00000000	   1.25280547	   0.13779905	   0.17494977	   9.07653522	   9.38928413	   0.04507424	         -inf	   0.00000000	   0.00000000	   0.00000000	   0.01975000	   0.01105695	   0.05509705	   0.03359205	   0.05545372	   0.02926780	   0.07569052	   1.14707077	   7.82450676	
       123   179.81002808	   0.00000000	   1.27411532	   0.13434640	   0.22208640	   9.06236267	   9.41879559	   0.04388873	         -inf	   0.00000000	   0.00000000	   0.00000000	   0.01975000	   0.00551742	   0.06118007	   0.05063252	   0.08500639	   0.03095448	   0.08705777	   1.12273765	   7.82161331	
       plotID    soilWater     soilSnow          LAI         vegC        litrC        soilC       totalC    leafC_sum    leafC_max        leafC        stemC       crootC         cwdc    FSM_soilw     FSM_icew    FSM_snoww
       123   158.67935181	   0.00000000	   1.25280547	   0.13779905	   0.17494977	   9.07653522	   9.38928413	   0.04507424	         -inf	   0.00000000	   0.00000000	   0.00000000	   0.01975000	   0.01105695	   0.05509705	   0.03359205	   0.05545372	   0.02926780	   0.07569052	   1.14707077	   7.82450676	
       123   179.81002808	   0.00000000	   1.27411532	   0.13434640	   0.22208640	   9.06236267	   9.41879559	   0.04388873	         -inf	   0.00000000	   0.00000000	   0.00000000	   0.01975000	   0.00551742	   0.06118007	   0.05063252	   0.08500639	   0.03095448	   0.08705777	   1.12273765	   7.82161331	
       plotID    soilWater     soilSnow          LAI         vegC        litrC        soilC       totalC    leafC_sum    leafC_max        leafC        stemC       crootC         cwdc    FSM_soilw     FSM_icew    FSM_snoww
       123   110.17079926	   0.00000000	   3.00555182	   0.26561430	   0.93132931	  30.36896706	  31.56591034	   0.11075014	         -inf	   0.00000000	   0.00000000	   0.00000000	   0.01975000	   0.08077724	   0.20170261	   0.23305947	   0.39603999	   0.05270286	   0.36458281	   4.08910942	  25.86257172	
       123   139.88189697	   0.00000000	   2.98294830	   0.24120000	   0.92493683	  30.39935684	  31.56549263	   0.10058192	         -inf	   0.00000000	   0.00000000	   0.00000000	   0.01975000	   0.03534949	   0.20909637	   0.24478154	   0.41595942	   0.07800720	   0.37670127	   4.08233881	  25.86231041	
       plotID    soilWater     soilSnow          LAI         vegC        litrC        soilC       totalC    leafC_sum    leafC_max        leafC        stemC       crootC         cwdc    FSM_soilw     FSM_icew    FSM_snoww
       123   110.17079926	   0.00000000	   3.00555182	   0.26561430	   0.93132931	  30.36896706	  31.56591034	   0.11075014	         -inf	   0.00000000	   0.00000000	   0.00000000	   0.01975000	   0.08077724	   0.20170261	   0.23305947	   0.39603999	   0.05270286	   0.36458281	   4.08910942	  25.86257172	
       123   139.88189697	   0.00000000	   2.98294830	   0.24120000	   0.92493683	  30.39935684	  31.56549263	   0.10058192	         -inf	   0.00000000	   0.00000000	   0.00000000	   0.01975000	   0.03534949	   0.20909637	   0.24478154	   0.41595942	   0.07800720	   0.37670127	   4.08233881	  25.86231041	
       plotID    soilWater     soilSnow          LAI         vegC        litrC        soilC       totalC    leafC_sum    leafC_max        leafC        stemC       crootC         cwdc    FSM_soilw     FSM_icew    FSM_snoww
       123   184.30978394	   0.00000000	   0.00000000	  -0.03135478	   0.01975000	   0.00864819	  -0.00295659	   0.00000000	         -inf	   0.00000000	   0.00000000	   0.00000000	   0.01975000	   0.00000000	   0.00000000	   0.00000000	   0.00000000	   0.00000000	   0.00000000	   0.00000000	   0.00864819	
       123   184.20687866	   0.00000000	   0.00000000	  -0.03135478	   0.01975000	   0.00860799	  -0.00299679	   0.00000000	         -inf	   0.00000000	   0.00000000	   0.00000000	   0.01975000	   0.00000000	   0.00000000	   0.00000000	   0.00000000	   0.00000000	   0.00000000	   0.00000000	   0.00860799	
       plotID    soilWater     soilSnow          LAI         vegC        litrC        soilC       totalC    leafC_sum    leafC_max        leafC        stemC       crootC         cwdc    FSM_soilw     FSM_icew    FSM_snoww
       123   184.30978394	   0.00000000	   0.00000000	  -0.03135478	   0.01975000	   0.00864819	  -0.00295659	   0.00000000	         -inf	   0.00000000	   0.00000000	   0.00000000	   0.01975000	   0.00000000	   0.00000000	   0.00000000	   0.00000000	   0.00000000	   0.00000000	   0.00000000	   0.00864819	
       123   184.20687866	   0.00000000	   0.00000000	  -0.03135478	   0.01975000	   0.00860799	  -0.00299679	   0.00000000	         -inf	   0.00000000	   0.00000000	   0.00000000	   0.01975000	   0.00000000	   0.00000000	   0.00000000	   0.00000000	   0.00000000	   0.00000000	   0.00000000	   0.00860799	
       plotID    soilWater     soilSnow          LAI         vegC        litrC        soilC       totalC    leafC_sum    leafC_max        leafC        stemC       crootC         cwdc    FSM_soilw     FSM_icew    FSM_snoww
       123   158.93659973	   0.00000000	   1.24472892	   0.13689713	   0.17457519	   9.07619667	   9.38766956	   0.04469843	         -inf	   0.00000000	   0.00000000	   0.00000000	   0.01975000	   0.01113362	   0.05494455	   0.03348256	   0.05526447	   0.02912071	   0.07555208	   1.14701903	   7.82450533	
       123   179.92076111	   0.00000000	   1.26335526	   0.13402133	   0.22147076	   9.06149101	   9.41698265	   0.04375327	         -inf	   0.00000000	   0.00000000	   0.00000000	   0.01975000	   0.00558027	   0.06101009	   0.05044556	   0.08468483	   0.03080320	   0.08661748	   1.12246442	   7.82160568	
       plotID    soilWater     soilSnow          LAI         vegC        litrC        soilC       totalC    leafC_sum    leafC_max        leafC        stemC       crootC         cwdc    FSM_soilw     FSM_icew    FSM_snoww
       123   158.93659973	   0.00000000	   1.24472892	   0.13689713	   0.17457519	   9.07619667	   9.38766956	   0.04469843	         -inf	   0.00000000	   0.00000000	   0.00000000	   0.01975000	   0.01113362	   0.05494455	   0.03348256	   0.05526447	   0.02912071	   0.07555208	   1.14701903	   7.82450533	
       123   179.92076111	   0.00000000	   1.26335526	   0.13402133	   0.22147076	   9.06149101	   9.41698265	   0.04375327	         -inf	   0.00000000	   0.00000000	   0.00000000	   0.01975000	   0.00558027	   0.06101009	   0.05044556	   0.08468483	   0.03080320	   0.08661748	   1.12246442	   7.82160568	
       plotID    soilWater     soilSnow          LAI         vegC        litrC        soilC       totalC    leafC_sum    leafC_max        leafC        stemC       crootC         cwdc    FSM_soilw     FSM_icew    FSM_snoww
       123   158.67935181	   0.00000000	   1.25280547	   0.13779905	   0.17494977	   9.07653522	   9.38928413	   0.04507424	   0.00000000	   0.00000000	   0.00000000	   0.00000000	   0.01975000	   0.01105695	   0.05509705	   0.03359205	   0.05545372	   0.02926780	   0.07569052	   1.14707077	   7.82450676	
       123   179.81002808	   0.00000000	   1.27411532	   0.13434640	   0.22208640	   9.06236267	   9.41879559	   0.04388873	   0.00000000	   0.00000000	   0.00000000	   0.00000000	   0.01975000	   0.00551742	   0.06118007	   0.05063252	   0.08500639	   0.03095448	   0.08705777	   1.12273765	   7.82161331	
