 130.92530823	   0.11562701	   0.00000000	   0.06312845	   0.00388324	   0.07817865	   0.00000000	   0.07588068	   7.98991299	   0.00000033	   0.00004173	   0.00002734	  -0.00059969	   0.00029181	   0.00023675	   0.00001334	   0.00001439	   0.00062703	   9.43918705	   0.18438399	  13.74561882	  23.36919022	   0.13644443	   0.80700886	   0.14705464	   6.64629745	
 127.79571533	   0.06141652	   0.00000000	   0.05760778	   0.00000000	   0.13080393	   0.00000000	   0.08681439	   8.01622963	   0.00000000	   0.00020538	   0.00020538	  -0.00042017	   0.00054902	   0.00028167	   0.00006197	   0.00000000	   0.00062555	   9.34179974	   0.26688454	  13.74563694	  23.35432243	   0.24243891	   0.75074208	   0.14758596	   6.62490845	
 121.93334198	   0.27701226	   0.01000000	   0.06894899	   0.01051369	   0.25605810	   0.00000000	   0.09774011	   8.17339230	   0.00000000	   0.00062160	   0.00062160	  -0.00000302	   0.00124299	   0.00043500	   0.00018639	   0.00000000	   0.00062462	   9.25291824	   0.34917158	  13.74563694	  23.34772873	   0.58319962	   0.69954538	   0.15060827	   6.60529852	
 111.43665314	   0.57099694	   0.08966666	   0.11741467	   0.00271089	   0.46706280	   0.00000000	   0.10902960	   8.51454544	   0.00000000	   0.00080022	   0.00080022	   0.00017588	   0.00163730	   0.00059710	   0.00023998	   0.00000000	   0.00062434	   9.17173481	   0.43397734	  13.74563694	  23.35134888	   0.86493927	   0.65299261	   0.15693893	   6.58726025	
  91.63873291	   0.07491354	   0.28870967	   0.00831227	   0.00103107	   0.90278322	   0.00000000	   0.12030488	   8.88237381	  -0.00000161	   0.00078513	   0.00070595	   0.00008184	   0.00200381	   0.00098322	   0.00023546	   0.00007918	   0.00062411	   9.09280491	   0.51728398	  13.74612427	  23.35621643	   0.95834202	   0.60777867	   0.16369687	   6.56969833	
  57.17086029	   0.00000000	   0.28966668	   0.00000000	   0.00032468	   1.32322061	   0.00000000	   0.13148229	   9.20285606	  -0.00000296	   0.00070635	   0.00017784	  -0.00044528	   0.00231846	   0.00140028	   0.00021183	   0.00052851	   0.00062311	   9.01209068	   0.59062707	  13.74980545	  23.35252571	   0.97536981	   0.56149328	   0.16956261	   6.55176592	
  16.37796211	   0.00000000	   0.46161291	   0.00000000	   0.00012203	   1.22380793	   0.00000000	   0.14213815	   9.49276638	  -0.00000315	   0.00074318	  -0.00119777	  -0.00181710	   0.00250532	   0.00153924	   0.00022289	   0.00194096	   0.00061933	   8.93071938	   0.62168127	  13.76392078	  23.31632614	   0.97512710	   0.51480812	   0.17490375	   6.53369951	
   0.05966735	   0.00000000	   0.20903224	   0.00000000	   0.00000000	   0.00000000	   0.00000000	   0.15238887	   9.83585739	  -0.00000077	   0.00092011	  -0.00194935	  -0.00256184	   0.00268996	   0.00149388	   0.00027597	   0.00286946	   0.00061249	   8.85181427	   0.60334557	  13.78973198	  23.24489212	   0.97557890	   0.46962348	   0.18126945	   6.51613665	
   0.05966735	   0.00000000	   0.16066666	   0.00000000	   0.00000000	   0.00000000	   0.00000000	   0.16243187	  10.29196739	   0.00000111	   0.00120593	  -0.00099532	  -0.00160124	   0.00266873	   0.00110108	   0.00036172	   0.00220125	   0.00060592	   8.78186417	   0.58018398	  13.81503773	  23.17708778	   0.97308385	   0.42975318	   0.18975110	   6.50046539	
   0.09864789	   0.18144789	   0.05032258	   0.02778289	   0.00000105	   0.05205032	   0.00000000	   0.17310390	  10.80760098	  -0.00000198	   0.00105994	   0.00044889	  -0.00015434	   0.00202586	   0.00064799	   0.00031793	   0.00061106	   0.00060323	   8.71573830	   0.61259615	  13.82694435	  23.15528488	   0.83071703	   0.39216384	   0.19918634	   6.48559952	
   0.02480509	   0.71239686	   0.00000000	   0.03824424	   0.00000000	   0.00000000	   0.00000000	   0.18425456	  11.12940025	  -0.00000225	   0.00055377	   0.00048802	  -0.00011441	   0.00113926	   0.00041900	   0.00016649	   0.00006575	   0.00060242	   8.63930607	   0.68454456	  13.83073235	  23.15458298	   0.42915085	   0.34840503	   0.20493643	   6.46858025	
   0.02480508	   0.58087766	   0.00000000	   0.03595323	   0.00000000	   0.00000000	   0.00000000	   0.19549587	  11.11153126	   0.00000000	   0.00009177	   0.00009177	  -0.00050934	   0.00040538	   0.00028592	   0.00002769	   0.00000000	   0.00060111	   8.54473782	   0.76698774	  13.83117580	  23.14290237	   0.14701091	   0.29383591	   0.20444931	   6.44778776	
   0.02480508	   0.53159583	   0.00000000	   0.04084400	   0.00000000	   0.00000000	   0.00000000	   0.20690802	  10.81044197	   0.00000000	   0.00008600	   0.00008600	  -0.00051353	   0.00038416	   0.00027153	   0.00002663	   0.00000000	   0.00059953	   8.47247028	   0.82292825	  13.83117580	  23.12657356	   0.13767205	   0.25843275	   0.19868620	   6.42568731	
   0.02480509	   0.16357033	   0.00000000	   0.04328423	   0.00000000	   0.00000000	   0.00000000	   0.21773271	  10.40439034	   0.00000000	   0.00031301	   0.00031301	  -0.00028524	   0.00074138	   0.00033462	   0.00009375	   0.00000000	   0.00059826	   8.43302345	   0.85059083	  13.83117580	  23.11479187	   0.26048180	   0.24740343	   0.19128631	   6.40549469	
   0.03996637	   0.07553105	   0.00451613	   0.04935484	   0.00000000	   0.00000000	   0.00000000	   0.22851932	  10.22561932	   0.00000000	   0.00097152	   0.00097152	   0.00037366	   0.00173786	   0.00047503	   0.00029131	   0.00000000	   0.00059786	   8.40688229	   0.87816578	  13.83117580	  23.11622620	   0.60757118	   0.24426806	   0.18821208	   6.38811874	
   0.18608618	   0.25013381	   0.07999999	   0.03617077	   0.00000100	   0.07723877	   0.00000000	   0.23963621	  10.35161972	   0.00000000	   0.00132055	   0.00132055	   0.00072199	   0.00238755	   0.00067097	   0.00039603	   0.00000000	   0.00059856	   8.39704418	   0.90661156	  13.83117580	  23.13482857	   0.92303956	   0.25126025	   0.19064504	   6.37378836	
   0.09451452	   0.02132653	   0.21612902	   0.01289948	   0.00000000	   0.00000000	   0.00000000	   0.25071195	  10.51630497	  -0.00000041	   0.00122506	   0.00116186	   0.00056250	   0.00263633	   0.00104387	   0.00036739	   0.00006320	   0.00059936	   8.38904190	   0.93455195	  13.83130646	  23.15489769	   0.96488428	   0.25930589	   0.19364387	   6.35988474	
   0.11260527	   0.00000000	   0.33366665	   0.00000000	   0.00000000	   0.00000000	   0.00000000	   0.26129663	  10.61386681	   0.00000246	   0.00109950	  -0.00079196	  -0.00139022	   0.00300187	   0.00157263	   0.00032974	   0.00189146	   0.00059826	   8.37736130	   0.93680590	  13.83716774	  23.15132904	   0.98049939	   0.26510879	   0.19539757	   6.34525537	
   0.11260527	   0.00000000	   0.33225811	   0.00000000	   0.00000000	   0.00000000	   0.00000000	   0.27002800	  10.74738979	   0.00001016	   0.00150828	  -0.00273713	  -0.00332782	   0.00379369	   0.00183303	   0.00045238	   0.00424541	   0.00059069	   8.36833954	   0.83646411	  13.86504555	  23.06985664	   0.98000795	   0.27245861	   0.19798857	   6.33122301	
   0.11260527	   0.00000000	   0.34677425	   0.00000000	   0.00000000	   0.00000000	   0.00000000	   0.27799335	  11.53164482	   0.00005512	   0.00334579	  -0.00043704	  -0.00102086	   0.00595419	   0.00160476	   0.00100364	   0.00378282	   0.00058382	   8.39703655	   0.70844376	  13.88691139	  22.99238968	   0.98065382	   0.30252105	   0.21302475	   6.32492161	
   0.11260527	   0.00000000	   0.10066665	   0.00000000	   0.00000000	   0.00000000	   0.00000000	   0.28654891	  12.92944241	   0.00004718	   0.00336074	   0.00170922	   0.00112469	   0.00550973	   0.00114086	   0.00100813	   0.00165152	   0.00058453	   8.45866299	   0.66368878	  13.88053417	  23.00288200	   0.98078233	   0.35202000	   0.23875362	   6.32574654	
   0.21421812	   0.23554018	   0.02225806	   0.01494641	   0.00000000	   0.00000000	   0.00000000	   0.29648572	  13.76113415	   0.00001054	   0.00168205	   0.00135503	   0.00076858	   0.00286453	   0.00067795	   0.00050453	   0.00032702	   0.00058644	   8.48699760	   0.67149389	  13.87466335	  23.03315735	   0.84893644	   0.38157108	   0.25350776	   6.31965113	
   0.06446397	   0.48722354	   0.00000000	   0.02319273	   0.00000000	   0.00632565	   0.00000000	   0.30726391	  13.79259777	   0.00000008	   0.00047478	   0.00046701	  -0.00011963	   0.00099553	   0.00037839	   0.00014236	   0.00000777	   0.00058663	   8.47108746	   0.69788855	  13.87395668	  23.04292870	   0.29309878	   0.38462776	   0.25368965	   6.30434656	
   0.02921799	   0.68592048	   0.00000000	   0.01776132	   0.00000000	   0.00060295	   0.00000000	   0.31813607	  13.41611958	   0.00000000	   0.00018890	   0.00018890	  -0.00039667	   0.00055203	   0.00030432	   0.00005881	   0.00000000	   0.00058556	   8.43332767	   0.72685736	  13.87396049	  23.03414154	   0.17216907	   0.37460056	   0.24666908	   6.28452349	
   0.01414433	   1.81795394	   0.00000000	   0.02278279	   0.00000000	   0.00000000	   0.00000000	   0.32914633	  12.97871876	   0.00000000	   0.00014025	   0.00014025	  -0.00044384	   0.00044782	   0.00026556	   0.00004202	   0.00000000	   0.00058409	   8.38672256	   0.75847363	  13.87396049	  23.01915169	   0.13563873	   0.35908705	   0.23866761	   6.26320219	
   0.01414433	   2.03888130	   0.00000000	   0.04105333	   0.00000000	   0.00000000	   0.00000000	   0.33958799	  12.67766285	   0.00000000	   0.00034653	   0.00034653	  -0.00023640	   0.00075719	   0.00030694	   0.00010372	   0.00000000	   0.00058292	   8.34432220	   0.79046494	  13.87396049	  23.00874329	   0.21932793	   0.34491453	   0.23319344	   6.24373770	
   0.04902503	   1.33436966	   0.00290323	   0.05290314	   0.00000000	   0.02497056	   0.00000000	   0.34999600	  12.61668968	   0.00000000	   0.00098812	   0.00098812	   0.00040544	   0.00175361	   0.00046928	   0.00029621	   0.00000000	   0.00058268	   8.31599808	   0.82235569	  13.87396049	  23.01231194	   0.56771958	   0.33911929	   0.23228101	   6.22724962	
   0.39563972	   0.02829223	   0.06633333	   0.02131139	   0.00000000	   0.00000000	   0.00000000	   0.36072615	  12.78452873	   0.00000000	   0.00115783	   0.00115783	   0.00057458	   0.00228547	   0.00078049	   0.00034715	   0.00000000	   0.00058325	   8.29934788	   0.85524803	  13.87396049	  23.02854729	   0.94509411	   0.34064236	   0.23542446	   6.21288157	
   0.37456697	   0.12846367	   0.35903224	   0.00000000	   0.00000018	   0.09491928	   0.00000000	   0.37140054	  12.97570801	   0.00000124	   0.00117917	   0.00110839	   0.00052452	   0.00260575	   0.00107301	   0.00035357	   0.00007078	   0.00058387	   8.28405285	   0.88749897	  13.87396145	  23.04551315	   0.97932172	   0.34293848	   0.23894869	   6.19883490	
   0.17273326	   0.00000000	   0.47433335	   0.00000000	   0.00000000	   0.00000000	   0.00000000	   0.38132545	  13.23053932	   0.00001138	   0.00147052	   0.00003054	  -0.00055290	   0.00343342	   0.00152192	   0.00044098	   0.00143997	   0.00058345	   8.27278805	   0.89924365	  13.87662697	  23.04865837	   0.98590297	   0.34760630	   0.24373306	   6.18566895	
   0.17273326	   0.00000000	   0.55709672	   0.00000000	   0.00000000	   0.00000000	   0.00000000	   0.38934284	  13.78178883	   0.00003013	   0.00236747	  -0.00019270	  -0.00077330	   0.00468525	   0.00160769	   0.00071008	   0.00256017	   0.00058060	   8.27893257	   0.85529119	  13.88668156	  23.02090645	   0.98606366	   0.36264190	   0.25417158	   6.17618084	
   0.17273326	   0.00000000	   0.46000001	   0.00000000	   0.00000000	   0.00000000	   0.00000000	   0.39643443	  15.08929157	   0.00006406	   0.00395711	   0.00119063	   0.00061044	   0.00689205	   0.00174795	   0.00118699	   0.00276648	   0.00058018	   8.32791138	   0.80489987	  13.88546371	  23.01827621	   0.98707575	   0.40343222	   0.27875534	   6.17550993	
   0.17273326	   0.00000000	   0.25033334	   0.00000000	   0.00000000	   0.00000000	   0.00000000	   0.40355620	  16.74616432	   0.00004759	   0.00332723	   0.00178547	   0.00120276	   0.00563294	   0.00130768	   0.00099804	   0.00154176	   0.00058271	   8.39485073	   0.78149408	  13.87396812	  23.05031586	   0.98236966	   0.45473725	   0.30903965	   6.17880869	
   0.19614369	   1.39523041	   0.09903225	   0.00900147	   0.00000000	   0.03866482	   0.00000000	   0.41273478	  17.59851646	   0.00000964	   0.00156389	   0.00126567	   0.00068104	   0.00274759	   0.00071465	   0.00046904	   0.00029822	   0.00058463	   8.41578770	   0.79630530	  13.86792469	  23.08001518	   0.79617286	   0.47850037	   0.32414567	   6.17252636	
   0.02316757	   3.69134092	   0.00000000	   0.00754198	   0.00000000	   0.00312230	   0.00000000	   0.42312220	  17.70922661	   0.00000002	   0.00063915	   0.00062556	   0.00004069	   0.00127395	   0.00044316	   0.00019163	   0.00001359	   0.00058487	   8.39620876	   0.82682824	  13.86743546	  23.09047508	   0.31828660	   0.47800443	   0.32587823	   6.15780783	
   0.00443378	   4.68690252	   0.00000000	   0.00609336	   0.00000000	   0.00000000	   0.00000000	   0.43365309	  17.46190453	   0.00000000	   0.00022713	   0.00022713	  -0.00035686	   0.00062859	   0.00033342	   0.00006804	   0.00000000	   0.00058399	   8.35727882	   0.85982770	  13.86746120	  23.08457184	   0.15271829	   0.46590167	   0.32119015	   6.13908100	
   0.00443378	   5.86644936	   0.00000000	   0.00848067	   0.00000000	   0.00000000	   0.00000000	   0.44432274	  16.98501015	   0.00000000	   0.00014115	   0.00014115	  -0.00044148	   0.00047094	   0.00028754	   0.00004225	   0.00000000	   0.00058263	   8.30728817	   0.89654124	  13.86746120	  23.07129478	   0.10904408	   0.44667804	   0.31227702	   6.11857605	
   0.00443378	   7.36426115	   0.00000000	   0.01347061	   0.00000000	   0.00000000	   0.00000000	   0.45444304	  16.62704086	   0.00000000	   0.00081995	   0.00081995	   0.00023788	   0.00152134	   0.00045549	   0.00024590	   0.00000000	   0.00058207	   8.26813221	   0.93421316	  13.86746120	  23.06980896	   0.40376648	   0.43279931	   0.30591083	   6.10145140	
   0.33220419	   5.70955706	   0.01322581	   0.01585544	   0.00000000	   0.20842515	   0.00000000	   0.46453393	  16.49699020	   0.00000000	   0.00112014	   0.00112014	   0.00053781	   0.00207305	   0.00061695	   0.00033596	   0.00000000	   0.00058233	   8.24154854	   0.97178048	  13.86746120	  23.08078766	   0.71285552	   0.42640421	   0.30361471	   6.08698463	
   0.47644740	   2.19845843	   0.13400000	   0.01425469	   0.00000010	   0.14247446	   0.00000000	   0.47493804	  16.44278908	   0.00000002	   0.00109321	   0.00109243	   0.00050956	   0.00228877	   0.00086767	   0.00032789	   0.00000078	   0.00058287	   8.21840763	   1.01052392	  13.86746120	  23.09639168	   0.86995274	   0.42235738	   0.30260706	   6.07296658	
   0.27982610	   0.02230208	   0.25096774	   0.00000000	   0.00000003	   0.04194914	   0.00000000	   0.48527583	  16.38786316	   0.00000094	   0.00111536	   0.00105470	   0.00047132	   0.00259243	   0.00114254	   0.00033454	   0.00006065	   0.00058338	   8.19546604	   1.04850364	  13.86750317	  23.11147118	   0.97812611	   0.41839612	   0.30160224	   6.05902290	
   0.02117747	   0.00000000	   0.39900002	   0.00000000	   0.00000000	   0.00000000	   0.00000000	   0.49478924	  16.37516022	   0.00000815	   0.00129560	   0.00005641	  -0.00052660	   0.00329147	   0.00160726	   0.00038862	   0.00123919	   0.00058301	   8.17523479	   1.06964076	  13.86993694	  23.11481285	   0.99527574	   0.41602266	   0.30142635	   6.04567957	
   0.02117747	   0.00000000	   0.65580642	   0.00000000	   0.00000000	   0.00000000	   0.00000000	   0.50175375	  16.54814529	   0.00002071	   0.00187323	  -0.00087113	  -0.00145072	   0.00430079	   0.00186565	   0.00056191	   0.00274436	   0.00057959	   8.16599178	   1.03169465	  13.88220978	  23.07989311	   0.99572587	   0.42018488	   0.30479839	   6.03466272	
   0.02117747	   0.00000000	   0.38161290	   0.00000000	   0.00000000	   0.00000000	   0.00000000	   0.50737268	  17.32324028	   0.00005060	   0.00337759	   0.00075990	   0.00018271	   0.00606537	   0.00167456	   0.00101322	   0.00261769	   0.00057719	   8.19127560	   0.97362494	  13.88935566	  23.05425835	   0.99646115	   0.44511279	   0.31955570	   6.03074932	
   0.02117747	   0.00000000	   0.34666672	   0.00000000	   0.00000000	   0.00000000	   0.00000000	   0.51381260	  18.49973106	   0.00004405	   0.00310188	   0.00156349	   0.00098448	   0.00539373	   0.00136134	   0.00093051	   0.00153839	   0.00057901	   8.23776722	   0.95940185	  13.88142204	  23.07859230	   0.99476433	   0.48252869	   0.34111562	   6.03144836	
   0.02117747	   0.48658603	   0.01741935	   0.00508577	   0.00000000	   0.00000000	   0.00000000	   0.52210706	  19.14962387	   0.00001059	   0.00158330	   0.00122028	   0.00063959	   0.00282195	   0.00076371	   0.00047494	   0.00036302	   0.00058070	   8.25370502	   0.97508311	  13.87601757	  23.10480499	   0.77580726	   0.50164467	   0.35257593	   6.02579260	
   0.02117747	   2.00719357	   0.00000000	   0.00541821	   0.00000000	   0.00000000	   0.00000000	   0.53213567	  19.10132408	   0.00000009	   0.00085193	   0.00084243	   0.00026129	   0.00161884	   0.00051137	   0.00025554	   0.00000950	   0.00058115	   8.23150253	   1.01114786	  13.87562370	  23.11827469	   0.44337881	   0.49792644	   0.35144535	   6.01219177	
   0.01033180	   3.46157050	   0.00000000	   0.00472484	   0.00000000	   0.00067785	   0.00000000	   0.54234618	  18.73004150	   0.00000000	   0.00032630	   0.00032630	  -0.00025429	   0.00077972	   0.00035556	   0.00009785	   0.00000000	   0.00058059	   8.19159603	   1.04977977	  13.87564182	  23.11701965	   0.18083164	   0.48359218	   0.34443849	   5.99492073	
 130.92530823	   0.11562701	   0.00000000	   0.06312845	   0.00388324	   0.07817865	   0.00000000	   0.07588068	   7.98991299	   0.00000033	   0.00004173	   0.00002734	  -0.00059969	   0.00029181	   0.00023675	   0.00001334	   0.00001439	   0.00062703	   9.43918705	   0.18438399	  13.74561882	  23.36919022	   0.13644443	   0.80700886	   0.14705464	   6.64629745	
 127.79571533	   0.06141652	   0.00000000	   0.05760778	   0.00000000	   0.13080393	   0.00000000	   0.08681439	   8.01622963	   0.00000000	   0.00020538	   0.00020538	  -0.00042017	   0.00054902	   0.00028167	   0.00006197	   0.00000000	   0.00062555	   9.34179974	   0.26688454	  13.74563694	  23.35432243	   0.24243891	   0.75074208	   0.14758596	   6.62490845	
 121.93334198	   0.27701226	   0.01000000	   0.06894899	   0.01051369	   0.25605810	   0.00000000	   0.09774011	   8.17339230	   0.00000000	   0.00062160	   0.00062160	  -0.00000302	   0.00124299	   0.00043500	   0.00018639	   0.00000000	   0.00062462	   9.25291824	   0.34917158	  13.74563694	  23.34772873	   0.58319962	   0.69954538	   0.15060827	   6.60529852	
 111.43665314	   0.57099694	   0.08966666	   0.11741467	   0.00271089	   0.46706280	   0.00000000	   0.10902960	   8.51454544	   0.00000000	   0.00080022	   0.00080022	   0.00017588	   0.00163730	   0.00059710	   0.00023998	   0.00000000	   0.00062434	   9.17173481	   0.43397734	  13.74563694	  23.35134888	   0.86493927	   0.65299261	   0.15693893	   6.58726025	
  91.63873291	   0.07491354	   0.28870967	   0.00831227	   0.00103107	   0.90278322	   0.00000000	   0.12030488	   8.88237381	  -0.00000161	   0.00078513	   0.00070595	   0.00008184	   0.00200381	   0.00098322	   0.00023546	   0.00007918	   0.00062411	   9.09280491	   0.51728398	  13.74612427	  23.35621643	   0.95834202	   0.60777867	   0.16369687	   6.56969833	
  57.17086029	   0.00000000	   0.28966668	   0.00000000	   0.00032468	   1.32322061	   0.00000000	   0.13148229	   9.20285606	  -0.00000296	   0.00070635	   0.00017784	  -0.00044528	   0.00231846	   0.00140028	   0.00021183	   0.00052851	   0.00062311	   9.01209068	   0.59062707	  13.74980545	  23.35252571	   0.97536981	   0.56149328	   0.16956261	   6.55176592	
  16.37796211	   0.00000000	   0.46161291	   0.00000000	   0.00012203	   1.22380793	   0.00000000	   0.14213815	   9.49276638	  -0.00000315	   0.00074318	  -0.00119777	  -0.00181710	   0.00250532	   0.00153924	   0.00022289	   0.00194096	   0.00061933	   8.93071938	   0.62168127	  13.76392078	  23.31632614	   0.97512710	   0.51480812	   0.17490375	   6.53369951	
   0.05966735	   0.00000000	   0.20903224	   0.00000000	   0.00000000	   0.00000000	   0.00000000	   0.15238887	   9.83585739	  -0.00000077	   0.00092011	  -0.00194935	  -0.00256184	   0.00268996	   0.00149388	   0.00027597	   0.00286946	   0.00061249	   8.85181427	   0.60334557	  13.78973198	  23.24489212	   0.97557890	   0.46962348	   0.18126945	   6.51613665	
   0.05966735	   0.00000000	   0.16066666	   0.00000000	   0.00000000	   0.00000000	   0.00000000	   0.16243187	  10.29196739	   0.00000111	   0.00120593	  -0.00099532	  -0.00160124	   0.00266873	   0.00110108	   0.00036172	   0.00220125	   0.00060592	   8.78186417	   0.58018398	  13.81503773	  23.17708778	   0.97308385	   0.42975318	   0.18975110	   6.50046539	
   0.09864789	   0.18144789	   0.05032258	   0.02778289	   0.00000105	   0.05205032	   0.00000000	   0.17310390	  10.80760098	  -0.00000198	   0.00105994	   0.00044889	  -0.00015434	   0.00202586	   0.00064799	   0.00031793	   0.00061106	   0.00060323	   8.71573830	   0.61259615	  13.82694435	  23.15528488	   0.83071703	   0.39216384	   0.19918634	   6.48559952	
   0.02480509	   0.71239686	   0.00000000	   0.03824424	   0.00000000	   0.00000000	   0.00000000	   0.18425456	  11.12940025	  -0.00000225	   0.00055377	   0.00048802	  -0.00011441	   0.00113926	   0.00041900	   0.00016649	   0.00006575	   0.00060242	   8.63930607	   0.68454456	  13.83073235	  23.15458298	   0.42915085	   0.34840503	   0.20493643	   6.46858025	
   0.02480508	   0.58087766	   0.00000000	   0.03595323	   0.00000000	   0.00000000	   0.00000000	   0.19549587	  11.11153126	   0.00000000	   0.00009177	   0.00009177	  -0.00050934	   0.00040538	   0.00028592	   0.00002769	   0.00000000	   0.00060111	   8.54473782	   0.76698774	  13.83117580	  23.14290237	   0.14701091	   0.29383591	   0.20444931	   6.44778776	
   0.02480508	   0.53159583	   0.00000000	   0.04084400	   0.00000000	   0.00000000	   0.00000000	   0.20690802	  10.81044197	   0.00000000	   0.00008600	   0.00008600	  -0.00051353	   0.00038416	   0.00027153	   0.00002663	   0.00000000	   0.00059953	   8.47247028	   0.82292825	  13.83117580	  23.12657356	   0.13767205	   0.25843275	   0.19868620	   6.42568731	
   0.02480509	   0.16357033	   0.00000000	   0.04328423	   0.00000000	   0.00000000	   0.00000000	   0.21773271	  10.40439034	   0.00000000	   0.00031301	   0.00031301	  -0.00028524	   0.00074138	   0.00033462	   0.00009375	   0.00000000	   0.00059826	   8.43302345	   0.85059083	  13.83117580	  23.11479187	   0.26048180	   0.24740343	   0.19128631	   6.40549469	
   0.03996637	   0.07553105	   0.00451613	   0.04935484	   0.00000000	   0.00000000	   0.00000000	   0.22851932	  10.22561932	   0.00000000	   0.00097152	   0.00097152	   0.00037366	   0.00173786	   0.00047503	   0.00029131	   0.00000000	   0.00059786	   8.40688229	   0.87816578	  13.83117580	  23.11622620	   0.60757118	   0.24426806	   0.18821208	   6.38811874	
   0.18608618	   0.25013381	   0.07999999	   0.03617077	   0.00000100	   0.07723877	   0.00000000	   0.23963621	  10.35161972	   0.00000000	   0.00132055	   0.00132055	   0.00072199	   0.00238755	   0.00067097	   0.00039603	   0.00000000	   0.00059856	   8.39704418	   0.90661156	  13.83117580	  23.13482857	   0.92303956	   0.25126025	   0.19064504	   6.37378836	
   0.09451452	   0.02132653	   0.21612902	   0.01289948	   0.00000000	   0.00000000	   0.00000000	   0.25071195	  10.51630497	  -0.00000041	   0.00122506	   0.00116186	   0.00056250	   0.00263633	   0.00104387	   0.00036739	   0.00006320	   0.00059936	   8.38904190	   0.93455195	  13.83130646	  23.15489769	   0.96488428	   0.25930589	   0.19364387	   6.35988474	
   0.11260527	   0.00000000	   0.33366665	   0.00000000	   0.00000000	   0.00000000	   0.00000000	   0.26129663	  10.61386681	   0.00000246	   0.00109950	  -0.00079196	  -0.00139022	   0.00300187	   0.00157263	   0.00032974	   0.00189146	   0.00059826	   8.37736130	   0.93680590	  13.83716774	  23.15132904	   0.98049939	   0.26510879	   0.19539757	   6.34525537	
   0.11260527	   0.00000000	   0.33225811	   0.00000000	   0.00000000	   0.00000000	   0.00000000	   0.27002800	  10.74738979	   0.00001016	   0.00150828	  -0.00273713	  -0.00332782	   0.00379369	   0.00183303	   0.00045238	   0.00424541	   0.00059069	   8.36833954	   0.83646411	  13.86504555	  23.06985664	   0.98000795	   0.27245861	   0.19798857	   6.33122301	
   0.11260527	   0.00000000	   0.34677425	   0.00000000	   0.00000000	   0.00000000	   0.00000000	   0.27799335	  11.53164482	   0.00005512	   0.00334579	  -0.00043704	  -0.00102086	   0.00595419	   0.00160476	   0.00100364	   0.00378282	   0.00058382	   8.39703655	   0.70844376	  13.88691139	  22.99238968	   0.98065382	   0.30252105	   0.21302475	   6.32492161	
   0.11260527	   0.00000000	   0.10066665	   0.00000000	   0.00000000	   0.00000000	   0.00000000	   0.28654891	  12.92944241	   0.00004718	   0.00336074	   0.00170922	   0.00112469	   0.00550973	   0.00114086	   0.00100813	   0.00165152	   0.00058453	   8.45866299	   0.66368878	  13.88053417	  23.00288200	   0.98078233	   0.35202000	   0.23875362	   6.32574654	
   0.21421812	   0.23554018	   0.02225806	   0.01494641	   0.00000000	   0.00000000	   0.00000000	   0.29648572	  13.76113415	   0.00001054	   0.00168205	   0.00135503	   0.00076858	   0.00286453	   0.00067795	   0.00050453	   0.00032702	   0.00058644	   8.48699760	   0.67149389	  13.87466335	  23.03315735	   0.84893644	   0.38157108	   0.25350776	   6.31965113	
   0.06446397	   0.48722354	   0.00000000	   0.02319273	   0.00000000	   0.00632565	   0.00000000	   0.30726391	  13.79259777	   0.00000008	   0.00047478	   0.00046701	  -0.00011963	   0.00099553	   0.00037839	   0.00014236	   0.00000777	   0.00058663	   8.47108746	   0.69788855	  13.87395668	  23.04292870	   0.29309878	   0.38462776	   0.25368965	   6.30434656	
   0.02921799	   0.68592048	   0.00000000	   0.01776132	   0.00000000	   0.00060295	   0.00000000	   0.31813607	  13.41611958	   0.00000000	   0.00018890	   0.00018890	  -0.00039667	   0.00055203	   0.00030432	   0.00005881	   0.00000000	   0.00058556	   8.43332767	   0.72685736	  13.87396049	  23.03414154	   0.17216907	   0.37460056	   0.24666908	   6.28452349	
   0.01414433	   1.81795394	   0.00000000	   0.02278279	   0.00000000	   0.00000000	   0.00000000	   0.32914633	  12.97871876	   0.00000000	   0.00014025	   0.00014025	  -0.00044384	   0.00044782	   0.00026556	   0.00004202	   0.00000000	   0.00058409	   8.38672256	   0.75847363	  13.87396049	  23.01915169	   0.13563873	   0.35908705	   0.23866761	   6.26320219	
   0.01414433	   2.03888130	   0.00000000	   0.04105333	   0.00000000	   0.00000000	   0.00000000	   0.33958799	  12.67766285	   0.00000000	   0.00034653	   0.00034653	  -0.00023640	   0.00075719	   0.00030694	   0.00010372	   0.00000000	   0.00058292	   8.34432220	   0.79046494	  13.87396049	  23.00874329	   0.21932793	   0.34491453	   0.23319344	   6.24373770	
   0.04902503	   1.33436966	   0.00290323	   0.05290314	   0.00000000	   0.02497056	   0.00000000	   0.34999600	  12.61668968	   0.00000000	   0.00098812	   0.00098812	   0.00040544	   0.00175361	   0.00046928	   0.00029621	   0.00000000	   0.00058268	   8.31599808	   0.82235569	  13.87396049	  23.01231194	   0.56771958	   0.33911929	   0.23228101	   6.22724962	
   0.39563972	   0.02829223	   0.06633333	   0.02131139	   0.00000000	   0.00000000	   0.00000000	   0.36072615	  12.78452873	   0.00000000	   0.00115783	   0.00115783	   0.00057458	   0.00228547	   0.00078049	   0.00034715	   0.00000000	   0.00058325	   8.29934788	   0.85524803	  13.87396049	  23.02854729	   0.94509411	   0.34064236	   0.23542446	   6.21288157	
   0.37456697	   0.12846367	   0.35903224	   0.00000000	   0.00000018	   0.09491928	   0.00000000	   0.37140054	  12.97570801	   0.00000124	   0.00117917	   0.00110839	   0.00052452	   0.00260575	   0.00107301	   0.00035357	   0.00007078	   0.00058387	   8.28405285	   0.88749897	  13.87396145	  23.04551315	   0.97932172	   0.34293848	   0.23894869	   6.19883490	
   0.17273326	   0.00000000	   0.47433335	   0.00000000	   0.00000000	   0.00000000	   0.00000000	   0.38132545	  13.23053932	   0.00001138	   0.00147052	   0.00003054	  -0.00055290	   0.00343342	   0.00152192	   0.00044098	   0.00143997	   0.00058345	   8.27278805	   0.89924365	  13.87662697	  23.04865837	   0.98590297	   0.34760630	   0.24373306	   6.18566895	
   0.17273326	   0.00000000	   0.55709672	   0.00000000	   0.00000000	   0.00000000	   0.00000000	   0.38934284	  13.78178883	   0.00003013	   0.00236747	  -0.00019270	  -0.00077330	   0.00468525	   0.00160769	   0.00071008	   0.00256017	   0.00058060	   8.27893257	   0.85529119	  13.88668156	  23.02090645	   0.98606366	   0.36264190	   0.25417158	   6.17618084	
   0.17273326	   0.00000000	   0.46000001	   0.00000000	   0.00000000	   0.00000000	   0.00000000	   0.39643443	  15.08929157	   0.00006406	   0.00395711	   0.00119063	   0.00061044	   0.00689205	   0.00174795	   0.00118699	   0.00276648	   0.00058018	   8.32791138	   0.80489987	  13.88546371	  23.01827621	   0.98707575	   0.40343222	   0.27875534	   6.17550993	
   0.17273326	   0.00000000	   0.25033334	   0.00000000	   0.00000000	   0.00000000	   0.00000000	   0.40355620	  16.74616432	   0.00004759	   0.00332723	   0.00178547	   0.00120276	   0.00563294	   0.00130768	   0.00099804	   0.00154176	   0.00058271	   8.39485073	   0.78149408	  13.87396812	  23.05031586	   0.98236966	   0.45473725	   0.30903965	   6.17880869	
   0.19614369	   1.39523041	   0.09903225	   0.00900147	   0.00000000	   0.03866482	   0.00000000	   0.41273478	  17.59851646	   0.00000964	   0.00156389	   0.00126567	   0.00068104	   0.00274759	   0.00071465	   0.00046904	   0.00029822	   0.00058463	   8.41578770	   0.79630530	  13.86792469	  23.08001518	   0.79617286	   0.47850037	   0.32414567	   6.17252636	
   0.02316757	   3.69134092	   0.00000000	   0.00754198	   0.00000000	   0.00312230	   0.00000000	   0.42312220	  17.70922661	   0.00000002	   0.00063915	   0.00062556	   0.00004069	   0.00127395	   0.00044316	   0.00019163	   0.00001359	   0.00058487	   8.39620876	   0.82682824	  13.86743546	  23.09047508	   0.31828660	   0.47800443	   0.32587823	   6.15780783	
   0.00443378	   4.68690252	   0.00000000	   0.00609336	   0.00000000	   0.00000000	   0.00000000	   0.43365309	  17.46190453	   0.00000000	   0.00022713	   0.00022713	  -0.00035686	   0.00062859	   0.00033342	   0.00006804	   0.00000000	   0.00058399	   8.35727882	   0.85982770	  13.86746120	  23.08457184	   0.15271829	   0.46590167	   0.32119015	   6.13908100	
   0.00443378	   5.86644936	   0.00000000	   0.00848067	   0.00000000	   0.00000000	   0.00000000	   0.44432274	  16.98501015	   0.00000000	   0.00014115	   0.00014115	  -0.00044148	   0.00047094	   0.00028754	   0.00004225	   0.00000000	   0.00058263	   8.30728817	   0.89654124	  13.86746120	  23.07129478	   0.10904408	   0.44667804	   0.31227702	   6.11857605	
   0.00443378	   7.36426115	   0.00000000	   0.01347061	   0.00000000	   0.00000000	   0.00000000	   0.45444304	  16.62704086	   0.00000000	   0.00081995	   0.00081995	   0.00023788	   0.00152134	   0.00045549	   0.00024590	   0.00000000	   0.00058207	   8.26813221	   0.93421316	  13.86746120	  23.06980896	   0.40376648	   0.43279931	   0.30591083	   6.10145140	
   0.33220419	   5.70955706	   0.01322581	   0.01585544	   0.00000000	   0.20842515	   0.00000000	   0.46453393	  16.49699020	   0.00000000	   0.00112014	   0.00112014	   0.00053781	   0.00207305	   0.00061695	   0.00033596	   0.00000000	   0.00058233	   8.24154854	   0.97178048	  13.86746120	  23.08078766	   0.71285552	   0.42640421	   0.30361471	   6.08698463	
   0.47644740	   2.19845843	   0.13400000	   0.01425469	   0.00000010	   0.14247446	   0.00000000	   0.47493804	  16.44278908	   0.00000002	   0.00109321	   0.00109243	   0.00050956	   0.00228877	   0.00086767	   0.00032789	   0.00000078	   0.00058287	   8.21840763	   1.01052392	  13.86746120	  23.09639168	   0.86995274	   0.42235738	   0.30260706	   6.07296658	
   0.27982610	   0.02230208	   0.25096774	   0.00000000	   0.00000003	   0.04194914	   0.00000000	   0.48527583	  16.38786316	   0.00000094	   0.00111536	   0.00105470	   0.00047132	   0.00259243	   0.00114254	   0.00033454	   0.00006065	   0.00058338	   8.19546604	   1.04850364	  13.86750317	  23.11147118	   0.97812611	   0.41839612	   0.30160224	   6.05902290	
   0.02117747	   0.00000000	   0.39900002	   0.00000000	   0.00000000	   0.00000000	   0.00000000	   0.49478924	  16.37516022	   0.00000815	   0.00129560	   0.00005641	  -0.00052660	   0.00329147	   0.00160726	   0.00038862	   0.00123919	   0.00058301	   8.17523479	   1.06964076	  13.86993694	  23.11481285	   0.99527574	   0.41602266	   0.30142635	   6.04567957	
   0.02117747	   0.00000000	   0.65580642	   0.00000000	   0.00000000	   0.00000000	   0.00000000	   0.50175375	  16.54814529	   0.00002071	   0.00187323	  -0.00087113	  -0.00145072	   0.00430079	   0.00186565	   0.00056191	   0.00274436	   0.00057959	   8.16599178	   1.03169465	  13.88220978	  23.07989311	   0.99572587	   0.42018488	   0.30479839	   6.03466272	
   0.02117747	   0.00000000	   0.38161290	   0.00000000	   0.00000000	   0.00000000	   0.00000000	   0.50737268	  17.32324028	   0.00005060	   0.00337759	   0.00075990	   0.00018271	   0.00606537	   0.00167456	   0.00101322	   0.00261769	   0.00057719	   8.19127560	   0.97362494	  13.88935566	  23.05425835	   0.99646115	   0.44511279	   0.31955570	   6.03074932	
   0.02117747	   0.00000000	   0.34666672	   0.00000000	   0.00000000	   0.00000000	   0.00000000	   0.51381260	  18.49973106	   0.00004405	   0.00310188	   0.00156349	   0.00098448	   0.00539373	   0.00136134	   0.00093051	   0.00153839	   0.00057901	   8.23776722	   0.95940185	  13.88142204	  23.07859230	   0.99476433	   0.48252869	   0.34111562	   6.03144836	
   0.02117747	   0.48658603	   0.01741935	   0.00508577	   0.00000000	   0.00000000	   0.00000000	   0.52210706	  19.14962387	   0.00001059	   0.00158330	   0.00122028	   0.00063959	   0.00282195	   0.00076371	   0.00047494	   0.00036302	   0.00058070	   8.25370502	   0.97508311	  13.87601757	  23.10480499	   0.77580726	   0.50164467	   0.35257593	   6.02579260	
   0.02117747	   2.00719357	   0.00000000	   0.00541821	   0.00000000	   0.00000000	   0.00000000	   0.53213567	  19.10132408	   0.00000009	   0.00085193	   0.00084243	   0.00026129	   0.00161884	   0.00051137	   0.00025554	   0.00000950	   0.00058115	   8.23150253	   1.01114786	  13.87562370	  23.11827469	   0.44337881	   0.49792644	   0.35144535	   6.01219177	
   0.01033180	   3.46157050	   0.00000000	   0.00472484	   0.00000000	   0.00067785	   0.00000000	   0.54234618	  18.73004150	   0.00000000	   0.00032630	   0.00032630	  -0.00025429	   0.00077972	   0.00035556	   0.00009785	   0.00000000	   0.00058059	   8.19159603	   1.04977977	  13.87564182	  23.11701965	   0.18083164	   0.48359218	   0.34443849	   5.99492073	
