       plotID    soilWater     soilSnow          LAI         vegC        litrC        soilC       totalC    leafC_sum    leafC_max        leafC        stemC       crootC         cwdc    FSM_soilw     FSM_icew    FSM_snoww
         1     0.02480509	   0.34812275	  11.18019104	   8.49640083	   0.80788916	  13.83117580	  23.13546562	   0.26588333	   0.00000000	   0.20350221	   6.43717289	   1.39487100	   0.20102264	  83.76965332	 179.77632141	   0.00000000	
         1     0.01414433	   1.37027848	  13.90361309	   8.41236782	   0.74108207	  13.87395573	  23.02740669	   0.36833224	   0.00000000	   0.24247772	   6.27432442	   1.35958338	   0.32347032	  87.28600311	 175.65483093	   0.00000000	
         1     0.00443378	   5.13182211	  17.76709175	   8.33528709	   0.87606370	  13.86746120	  23.07881165	   0.45823541	   0.00000000	   0.31792909	   6.12928867	   1.32815552	   0.43882194	  86.87685394	 177.14788818	   0.00000000	
         1     0.00016399	   3.99332476	  19.19990540	   8.16813660	   1.06878853	  13.87564182	  23.11256790	   0.47423965	   0.00000000	   0.33971342	   5.98563576	   1.29702735	   0.54735935	  84.76115417	 186.17774963	   0.00000000	
       plotID    soilWater     soilSnow          LAI         vegC        litrC        soilC       totalC    leafC_sum    leafC_max        leafC        stemC       crootC         cwdc    FSM_soilw     FSM_icew    FSM_snoww
         1     0.02480509	   0.34812275	  11.18019104	   8.49640083	   0.80788916	  13.83117580	  23.13546562	   0.26588333	   0.00000000	   0.20350221	   6.43717289	   1.39487100	   0.20102264	  83.76965332	 179.77632141	   0.00000000	
         1     0.01414433	   1.37027848	  13.90361309	   8.41236782	   0.74108207	  13.87395573	  23.02740669	   0.36833224	   0.00000000	   0.24247772	   6.27432442	   1.35958338	   0.32347032	  87.28600311	 175.65483093	   0.00000000	
         1     0.00443378	   5.13182211	  17.76709175	   8.33528709	   0.87606370	  13.86746120	  23.07881165	   0.45823541	   0.00000000	   0.31792909	   6.12928867	   1.32815552	   0.43882194	  86.87685394	 177.14788818	   0.00000000	
         1     0.00016399	   3.99332476	  19.19990540	   8.16813660	   1.06878853	  13.87564182	  23.11256790	   0.47423965	   0.00000000	   0.33971342	   5.98563576	   1.29702735	   0.54735935	  84.76115417	 186.17774963	   0.00000000	
