    plotID  year      PRCP      Tavg   max_LAI        ET     Trans    Evapor   CanopyW        OF       NPP       NBP       NEP       NEE       GPP        MR        GR        HR     root_MR     leaf_MR      bgc土壤水          bgc雪
         1  1995      64.5      -0.1      11.2     196.3     135.3      61.0      47.8       0.0     235.9    -243.8     -18.9    -243.8     594.4     287.7      70.8     254.8      43.9     137.9      54.3       0.2
         1  1996      54.7       0.0      13.9      53.7       2.5      51.2      44.0       0.0     475.7    -108.1     108.2    -108.1     933.2     314.8     142.8     367.5      46.5     171.7       0.1       0.2
         1  1997      83.1      -0.6      17.8      79.4       5.0      74.4      69.6       0.0     530.7      51.4     264.2      51.4    1012.6     322.8     159.1     266.4      47.2     204.7       0.1       1.3
         1  1998      80.2      -0.1      19.2      81.4      12.1      69.3      67.3       0.0     508.9      33.8     245.9      33.8    1012.6     351.1     152.6     263.0      49.7     244.4       0.1       2.2
    plotID  year      PRCP      Tavg   max_LAI        ET     Trans    Evapor   CanopyW        OF       NPP       NBP       NEP       NEE       GPP        MR        GR        HR     root_MR     leaf_MR      bgc土壤水          bgc雪
         1  1995      64.5      -0.1      11.2     196.3     135.3      61.0      47.8       0.0     235.9    -243.8     -18.9    -243.8     594.4     287.7      70.8     254.8      43.9     137.9      54.3       0.2
         1  1996      54.7       0.0      13.9      53.7       2.5      51.2      44.0       0.0     475.7    -108.1     108.2    -108.1     933.2     314.8     142.8     367.5      46.5     171.7       0.1       0.2
         1  1997      83.1      -0.6      17.8      79.4       5.0      74.4      69.6       0.0     530.7      51.4     264.2      51.4    1012.6     322.8     159.1     266.4      47.2     204.7       0.1       1.3
         1  1998      80.2      -0.1      19.2      81.4      12.1      69.3      67.3       0.0     508.9      33.8     245.9      33.8    1012.6     351.1     152.6     263.0      49.7     244.4       0.1       2.2
